Clusters 26
Attributes 20
Points 740

1 36 0.0 7.0 3.0 1.0 118.0 13.0 18.0 50.0 239.554 97.0 1.0 1.0 1.0 1.0 0.0 0.0 98.0 178.0 31.0 0.0 
1 36 0.0 9.0 3.0 4.0 118.0 13.0 18.0 50.0 241.476 92.0 1.0 1.0 1.0 1.0 0.0 0.0 98.0 178.0 31.0 0.0 
1 36 0.0 3.0 5.0 3.0 118.0 13.0 18.0 50.0 244.387 98.0 1.0 1.0 1.0 1.0 0.0 0.0 98.0 178.0 31.0 0.0 
1 36 5.0 5.0 3.0 3.0 118.0 13.0 18.0 50.0 237.656 99.0 0.0 1.0 1.0 1.0 0.0 0.0 98.0 178.0 31.0 3.0 
1 36 0.0 5.0 3.0 3.0 118.0 13.0 18.0 50.0 237.656 99.0 1.0 1.0 1.0 1.0 0.0 0.0 98.0 178.0 31.0 0.0 

2 3 23.0 7.0 4.0 1.0 179.0 51.0 18.0 38.0 239.554 97.0 0.0 1.0 0.0 1.0 0.0 0.0 89.0 170.0 31.0 2.0 
2 3 23.0 7.0 6.0 1.0 179.0 51.0 18.0 38.0 239.554 97.0 0.0 1.0 0.0 1.0 0.0 0.0 89.0 170.0 31.0 2.0 
2 3 23.0 7.0 4.0 1.0 179.0 51.0 18.0 38.0 239.554 97.0 0.0 1.0 0.0 1.0 0.0 0.0 89.0 170.0 31.0 4.0 
2 3 23.0 7.0 6.0 1.0 179.0 51.0 18.0 38.0 239.554 97.0 0.0 1.0 0.0 1.0 0.0 0.0 89.0 170.0 31.0 2.0 
2 3 21.0 7.0 2.0 1.0 179.0 51.0 18.0 38.0 239.554 97.0 0.0 1.0 0.0 1.0 0.0 0.0 89.0 170.0 31.0 8.0 
2 3 23.0 9.0 3.0 1.0 179.0 51.0 18.0 38.0 241.476 92.0 0.0 1.0 0.0 1.0 0.0 0.0 89.0 170.0 31.0 4.0 
2 3 23.0 9.0 3.0 1.0 179.0 51.0 18.0 38.0 241.476 92.0 0.0 1.0 0.0 1.0 0.0 0.0 89.0 170.0 31.0 3.0 
2 3 23.0 9.0 4.0 4.0 179.0 51.0 18.0 38.0 241.476 92.0 0.0 1.0 0.0 1.0 0.0 0.0 89.0 170.0 31.0 3.0 
2 3 23.0 9.0 6.0 4.0 179.0 51.0 18.0 38.0 241.476 92.0 0.0 1.0 0.0 1.0 0.0 0.0 89.0 170.0 31.0 3.0 
2 3 28.0 12.0 2.0 4.0 179.0 51.0 18.0 38.0 236.629 93.0 0.0 1.0 0.0 1.0 0.0 0.0 89.0 170.0 31.0 2.0 
2 3 28.0 12.0 2.0 4.0 179.0 51.0 18.0 38.0 236.629 93.0 0.0 1.0 0.0 1.0 0.0 0.0 89.0 170.0 31.0 1.0 
2 3 28.0 12.0 5.0 4.0 179.0 51.0 18.0 38.0 236.629 93.0 0.0 1.0 0.0 1.0 0.0 0.0 89.0 170.0 31.0 1.0 
2 3 28.0 12.0 6.0 4.0 179.0 51.0 18.0 38.0 236.629 93.0 0.0 1.0 0.0 1.0 0.0 0.0 89.0 170.0 31.0 1.0 
2 3 28.0 12.0 6.0 4.0 179.0 51.0 18.0 38.0 236.629 93.0 0.0 1.0 0.0 1.0 0.0 0.0 89.0 170.0 31.0 1.0 
2 3 28.0 12.0 2.0 2.0 179.0 51.0 18.0 38.0 236.629 93.0 0.0 1.0 0.0 1.0 0.0 0.0 89.0 170.0 31.0 3.0 
2 3 28.0 3.0 2.0 2.0 179.0 51.0 18.0 38.0 244.387 98.0 0.0 1.0 0.0 1.0 0.0 0.0 89.0 170.0 31.0 2.0 
2 3 28.0 4.0 4.0 3.0 179.0 51.0 18.0 38.0 239.409 98.0 0.0 1.0 0.0 1.0 0.0 0.0 89.0 170.0 31.0 4.0 
2 3 28.0 4.0 4.0 3.0 179.0 51.0 18.0 38.0 239.409 98.0 0.0 1.0 0.0 1.0 0.0 0.0 89.0 170.0 31.0 8.0 
2 3 28.0 4.0 2.0 3.0 179.0 51.0 18.0 38.0 239.409 98.0 0.0 1.0 0.0 1.0 0.0 0.0 89.0 170.0 31.0 4.0 
2 3 28.0 5.0 4.0 3.0 179.0 51.0 18.0 38.0 246.074 99.0 0.0 1.0 0.0 1.0 0.0 0.0 89.0 170.0 31.0 4.0 
2 3 28.0 3.0 6.0 3.0 179.0 51.0 18.0 38.0 244.387 98.0 0.0 1.0 0.0 1.0 0.0 0.0 89.0 170.0 31.0 8.0 
2 3 25.0 8.0 5.0 1.0 179.0 51.0 18.0 38.0 249.797 93.0 0.0 1.0 0.0 1.0 0.0 0.0 89.0 170.0 31.0 4.0 
2 3 25.0 8.0 2.0 1.0 179.0 51.0 18.0 38.0 249.797 93.0 0.0 1.0 0.0 1.0 0.0 0.0 89.0 170.0 31.0 4.0 
2 3 23.0 10.0 3.0 4.0 179.0 51.0 18.0 38.0 253.465 93.0 0.0 1.0 0.0 1.0 0.0 0.0 89.0 170.0 31.0 3.0 
2 3 23.0 10.0 6.0 4.0 179.0 51.0 18.0 38.0 253.465 93.0 0.0 1.0 0.0 1.0 0.0 0.0 89.0 170.0 31.0 3.0 
2 3 23.0 10.0 4.0 4.0 179.0 51.0 18.0 38.0 253.465 93.0 0.0 1.0 0.0 1.0 0.0 0.0 89.0 170.0 31.0 8.0 
2 3 27.0 2.0 4.0 2.0 179.0 51.0 18.0 38.0 251.818 96.0 0.0 1.0 0.0 1.0 0.0 0.0 89.0 170.0 31.0 3.0 
2 3 23.0 2.0 6.0 2.0 179.0 51.0 18.0 38.0 251.818 96.0 0.0 1.0 0.0 1.0 0.0 0.0 89.0 170.0 31.0 3.0 
2 3 27.0 2.0 2.0 2.0 179.0 51.0 18.0 38.0 251.818 96.0 0.0 1.0 0.0 1.0 0.0 0.0 89.0 170.0 31.0 2.0 
2 3 27.0 2.0 4.0 2.0 179.0 51.0 18.0 38.0 251.818 96.0 0.0 1.0 0.0 1.0 0.0 0.0 89.0 170.0 31.0 3.0 
2 3 27.0 2.0 2.0 2.0 179.0 51.0 18.0 38.0 251.818 96.0 0.0 1.0 0.0 1.0 0.0 0.0 89.0 170.0 31.0 3.0 
2 3 27.0 2.0 4.0 2.0 179.0 51.0 18.0 38.0 251.818 96.0 0.0 1.0 0.0 1.0 0.0 0.0 89.0 170.0 31.0 3.0 
2 3 27.0 2.0 4.0 2.0 179.0 51.0 18.0 38.0 251.818 96.0 0.0 1.0 0.0 1.0 0.0 0.0 89.0 170.0 31.0 3.0 
2 3 28.0 6.0 2.0 3.0 179.0 51.0 18.0 38.0 253.957 95.0 0.0 1.0 0.0 1.0 0.0 0.0 89.0 170.0 31.0 3.0 
2 3 28.0 6.0 2.0 3.0 179.0 51.0 18.0 38.0 253.957 95.0 0.0 1.0 0.0 1.0 0.0 0.0 89.0 170.0 31.0 4.0 
2 3 28.0 6.0 2.0 1.0 179.0 51.0 18.0 38.0 253.957 95.0 0.0 1.0 0.0 1.0 0.0 0.0 89.0 170.0 31.0 2.0 
2 3 27.0 2.0 6.0 2.0 179.0 51.0 18.0 38.0 251.818 96.0 0.0 1.0 0.0 1.0 0.0 0.0 89.0 170.0 31.0 3.0 
2 3 27.0 2.0 6.0 2.0 179.0 51.0 18.0 38.0 251.818 96.0 0.0 1.0 0.0 1.0 0.0 0.0 89.0 170.0 31.0 3.0 
2 3 27.0 2.0 6.0 2.0 179.0 51.0 18.0 38.0 251.818 96.0 0.0 1.0 0.0 1.0 0.0 0.0 89.0 170.0 31.0 3.0 
2 3 28.0 7.0 3.0 1.0 179.0 51.0 18.0 38.0 230.29 92.0 0.0 1.0 0.0 1.0 0.0 0.0 89.0 170.0 31.0 1.0 
2 3 28.0 3.0 2.0 2.0 179.0 51.0 18.0 38.0 244.387 98.0 0.0 1.0 0.0 1.0 0.0 0.0 89.0 170.0 31.0 16.0 

3 20 23.0 7.0 6.0 1.0 260.0 50.0 11.0 36.0 239.554 97.0 0.0 1.0 4.0 1.0 0.0 0.0 65.0 168.0 23.0 4.0 
3 20 22.0 9.0 6.0 1.0 260.0 50.0 11.0 36.0 241.476 92.0 0.0 1.0 4.0 1.0 0.0 0.0 65.0 168.0 23.0 8.0 
3 20 23.0 9.0 6.0 4.0 260.0 50.0 11.0 36.0 241.476 92.0 0.0 1.0 4.0 1.0 0.0 0.0 65.0 168.0 23.0 4.0 
3 20 28.0 12.0 6.0 4.0 260.0 50.0 11.0 36.0 236.629 93.0 0.0 1.0 4.0 1.0 0.0 0.0 65.0 168.0 23.0 4.0 
3 20 26.0 12.0 4.0 2.0 260.0 50.0 11.0 36.0 236.629 93.0 0.0 1.0 4.0 1.0 0.0 0.0 65.0 168.0 23.0 8.0 
3 20 28.0 3.0 6.0 2.0 260.0 50.0 11.0 36.0 244.387 98.0 0.0 1.0 4.0 1.0 0.0 0.0 65.0 168.0 23.0 4.0 
3 20 19.0 3.0 2.0 3.0 260.0 50.0 11.0 36.0 244.387 98.0 0.0 1.0 4.0 1.0 0.0 0.0 65.0 168.0 23.0 8.0 
3 20 28.0 4.0 6.0 3.0 260.0 50.0 11.0 36.0 239.409 98.0 0.0 1.0 4.0 1.0 0.0 0.0 65.0 168.0 23.0 3.0 
3 20 28.0 4.0 6.0 3.0 260.0 50.0 11.0 36.0 239.409 98.0 0.0 1.0 4.0 1.0 0.0 0.0 65.0 168.0 23.0 4.0 
3 20 28.0 5.0 6.0 3.0 260.0 50.0 11.0 36.0 246.074 99.0 0.0 1.0 4.0 1.0 0.0 0.0 65.0 168.0 23.0 3.0 
3 20 26.0 7.0 2.0 1.0 260.0 50.0 11.0 36.0 230.29 92.0 0.0 1.0 4.0 1.0 0.0 0.0 65.0 168.0 23.0 4.0 
3 20 28.0 10.0 6.0 4.0 260.0 50.0 11.0 36.0 253.465 93.0 0.0 1.0 4.0 1.0 0.0 0.0 65.0 168.0 23.0 3.0 
3 20 28.0 2.0 6.0 2.0 260.0 50.0 11.0 36.0 251.818 96.0 0.0 1.0 4.0 1.0 0.0 0.0 65.0 168.0 23.0 3.0 
3 20 28.0 6.0 6.0 3.0 260.0 50.0 11.0 36.0 253.957 95.0 0.0 1.0 4.0 1.0 0.0 0.0 65.0 168.0 23.0 4.0 
3 20 28.0 8.0 2.0 1.0 260.0 50.0 11.0 36.0 249.797 93.0 0.0 1.0 4.0 1.0 0.0 0.0 65.0 168.0 23.0 3.0 
3 20 28.0 12.0 6.0 4.0 260.0 50.0 11.0 36.0 261.306 97.0 0.0 1.0 4.0 1.0 0.0 0.0 65.0 168.0 23.0 3.0 
3 20 26.0 12.0 6.0 4.0 260.0 50.0 11.0 36.0 261.306 97.0 0.0 1.0 4.0 1.0 0.0 0.0 65.0 168.0 23.0 8.0 
3 20 28.0 8.0 6.0 1.0 260.0 50.0 11.0 36.0 265.615 94.0 0.0 1.0 4.0 1.0 0.0 0.0 65.0 168.0 23.0 4.0 
3 20 28.0 10.0 6.0 4.0 260.0 50.0 11.0 36.0 265.017 88.0 0.0 1.0 4.0 1.0 0.0 0.0 65.0 168.0 23.0 3.0 

4 1 22.0 7.0 2.0 1.0 235.0 11.0 14.0 37.0 239.554 97.0 0.0 3.0 1.0 0.0 0.0 1.0 88.0 172.0 29.0 8.0 
4 1 23.0 12.0 2.0 4.0 235.0 11.0 14.0 37.0 236.629 93.0 0.0 3.0 1.0 0.0 0.0 1.0 88.0 172.0 29.0 3.0 
4 1 22.0 3.0 2.0 2.0 235.0 11.0 14.0 37.0 244.387 98.0 0.0 3.0 1.0 0.0 0.0 1.0 88.0 172.0 29.0 8.0 
4 1 21.0 3.0 5.0 2.0 235.0 11.0 14.0 37.0 244.387 98.0 0.0 3.0 1.0 0.0 0.0 1.0 88.0 172.0 29.0 8.0 
4 1 22.0 5.0 2.0 3.0 235.0 11.0 14.0 37.0 237.656 99.0 0.0 3.0 1.0 0.0 0.0 1.0 88.0 172.0 29.0 8.0 
4 1 23.0 8.0 3.0 1.0 235.0 11.0 14.0 37.0 249.797 93.0 0.0 3.0 1.0 0.0 0.0 1.0 88.0 172.0 29.0 4.0 
4 1 22.0 4.0 6.0 3.0 235.0 11.0 14.0 37.0 246.288 91.0 0.0 3.0 1.0 0.0 0.0 1.0 88.0 172.0 29.0 8.0 

5 34 23.0 9.0 2.0 1.0 118.0 10.0 10.0 37.0 241.476 92.0 0.0 1.0 0.0 0.0 0.0 0.0 83.0 172.0 28.0 4.0 
5 34 23.0 9.0 2.0 1.0 118.0 10.0 10.0 37.0 241.476 92.0 0.0 1.0 0.0 0.0 0.0 0.0 83.0 172.0 28.0 3.0 
5 34 23.0 9.0 3.0 4.0 118.0 10.0 10.0 37.0 241.476 92.0 0.0 1.0 0.0 0.0 0.0 0.0 83.0 172.0 28.0 2.0 
5 34 25.0 12.0 3.0 4.0 118.0 10.0 10.0 37.0 236.629 93.0 0.0 1.0 0.0 0.0 0.0 0.0 83.0 172.0 28.0 8.0 
5 34 28.0 8.0 3.0 1.0 118.0 10.0 10.0 37.0 249.797 93.0 0.0 1.0 0.0 0.0 0.0 0.0 83.0 172.0 28.0 4.0 
5 34 28.0 8.0 3.0 1.0 118.0 10.0 10.0 37.0 249.797 93.0 0.0 1.0 0.0 0.0 0.0 0.0 83.0 172.0 28.0 5.0 
5 34 23.0 10.0 3.0 4.0 118.0 10.0 10.0 37.0 253.465 93.0 0.0 1.0 0.0 0.0 0.0 0.0 83.0 172.0 28.0 3.0 
5 34 23.0 10.0 3.0 4.0 118.0 10.0 10.0 37.0 253.465 93.0 0.0 1.0 0.0 0.0 0.0 0.0 83.0 172.0 28.0 3.0 
5 34 23.0 6.0 2.0 3.0 118.0 10.0 10.0 37.0 253.957 95.0 0.0 1.0 0.0 0.0 0.0 0.0 83.0 172.0 28.0 3.0 
5 34 28.0 6.0 3.0 3.0 118.0 10.0 10.0 37.0 253.957 95.0 0.0 1.0 0.0 0.0 0.0 0.0 83.0 172.0 28.0 2.0 
5 34 26.0 7.0 6.0 1.0 118.0 10.0 10.0 37.0 230.29 92.0 0.0 1.0 0.0 0.0 0.0 0.0 83.0 172.0 28.0 8.0 
5 34 28.0 7.0 3.0 1.0 118.0 10.0 10.0 37.0 230.29 92.0 0.0 1.0 0.0 0.0 0.0 0.0 83.0 172.0 28.0 8.0 
5 34 28.0 2.0 3.0 2.0 118.0 10.0 10.0 37.0 251.818 96.0 0.0 1.0 0.0 0.0 0.0 0.0 83.0 172.0 28.0 2.0 
5 34 28.0 5.0 2.0 3.0 118.0 10.0 10.0 37.0 246.074 99.0 0.0 1.0 0.0 0.0 0.0 0.0 83.0 172.0 28.0 1.0 
5 34 28.0 5.0 3.0 3.0 118.0 10.0 10.0 37.0 237.656 99.0 0.0 1.0 0.0 0.0 0.0 0.0 83.0 172.0 28.0 1.0 

6 28 23.0 9.0 3.0 4.0 225.0 26.0 9.0 28.0 241.476 92.0 0.0 1.0 1.0 0.0 0.0 2.0 69.0 169.0 24.0 2.0 
6 28 18.0 9.0 4.0 4.0 225.0 26.0 9.0 28.0 241.476 92.0 0.0 1.0 1.0 0.0 0.0 2.0 69.0 169.0 24.0 3.0 
6 28 12.0 12.0 2.0 4.0 225.0 26.0 9.0 28.0 236.629 93.0 0.0 1.0 1.0 0.0 0.0 2.0 69.0 169.0 24.0 3.0 
6 28 19.0 4.0 2.0 3.0 225.0 26.0 9.0 28.0 246.288 91.0 0.0 1.0 1.0 0.0 0.0 2.0 69.0 169.0 24.0 8.0 
6 28 19.0 4.0 5.0 3.0 225.0 26.0 9.0 28.0 246.288 91.0 0.0 1.0 1.0 0.0 0.0 2.0 69.0 169.0 24.0 8.0 

7 28 23.0 10.0 6.0 4.0 225.0 26.0 9.0 28.0 253.465 93.0 0.0 1.0 1.0 0.0 0.0 2.0 69.0 169.0 24.0 3.0 
7 28 23.0 10.0 4.0 4.0 225.0 26.0 9.0 28.0 253.465 93.0 0.0 1.0 1.0 0.0 0.0 2.0 69.0 169.0 24.0 2.0 
7 28 23.0 10.0 4.0 4.0 225.0 26.0 9.0 28.0 253.465 93.0 0.0 1.0 1.0 0.0 0.0 2.0 69.0 169.0 24.0 3.0 
7 28 28.0 10.0 3.0 4.0 225.0 26.0 9.0 28.0 253.465 93.0 0.0 1.0 1.0 0.0 0.0 2.0 69.0 169.0 24.0 2.0 
7 28 23.0 12.0 5.0 4.0 225.0 26.0 9.0 28.0 261.306 97.0 0.0 1.0 1.0 0.0 0.0 2.0 69.0 169.0 24.0 2.0 
7 28 23.0 12.0 3.0 4.0 225.0 26.0 9.0 28.0 261.306 97.0 0.0 1.0 1.0 0.0 0.0 2.0 69.0 169.0 24.0 2.0 
7 28 23.0 12.0 6.0 2.0 225.0 26.0 9.0 28.0 261.306 97.0 0.0 1.0 1.0 0.0 0.0 2.0 69.0 169.0 24.0 2.0 
7 28 23.0 6.0 5.0 3.0 225.0 26.0 9.0 28.0 253.957 95.0 0.0 1.0 1.0 0.0 0.0 2.0 69.0 169.0 24.0 4.0 
7 28 23.0 6.0 4.0 1.0 225.0 26.0 9.0 28.0 253.957 95.0 0.0 1.0 1.0 0.0 0.0 2.0 69.0 169.0 24.0 2.0 
7 28 28.0 12.0 5.0 4.0 225.0 26.0 9.0 28.0 261.306 97.0 0.0 1.0 1.0 0.0 0.0 2.0 69.0 169.0 24.0 3.0 
7 28 23.0 11.0 6.0 4.0 225.0 26.0 9.0 28.0 268.519 93.0 0.0 1.0 1.0 0.0 0.0 2.0 69.0 169.0 24.0 4.0 
7 28 23.0 11.0 3.0 4.0 225.0 26.0 9.0 28.0 268.519 93.0 0.0 1.0 1.0 0.0 0.0 2.0 69.0 169.0 24.0 2.0 
7 28 23.0 11.0 6.0 4.0 225.0 26.0 9.0 28.0 268.519 93.0 0.0 1.0 1.0 0.0 0.0 2.0 69.0 169.0 24.0 2.0 
7 28 22.0 7.0 4.0 1.0 225.0 26.0 9.0 28.0 264.604 93.0 0.0 1.0 1.0 0.0 0.0 2.0 69.0 169.0 24.0 8.0 
7 28 25.0 5.0 4.0 3.0 225.0 26.0 9.0 28.0 246.074 99.0 0.0 1.0 1.0 0.0 0.0 2.0 69.0 169.0 24.0 3.0 
7 28 14.0 11.0 5.0 4.0 225.0 26.0 9.0 28.0 268.519 93.0 0.0 1.0 1.0 0.0 0.0 2.0 69.0 169.0 24.0 3.0 
7 28 23.0 9.0 4.0 1.0 225.0 26.0 9.0 28.0 261.756 87.0 0.0 1.0 1.0 0.0 0.0 2.0 69.0 169.0 24.0 1.0 
7 28 23.0 2.0 3.0 2.0 225.0 26.0 9.0 28.0 264.249 97.0 0.0 1.0 1.0 0.0 0.0 2.0 69.0 169.0 24.0 3.0 
7 28 28.0 2.0 5.0 2.0 225.0 26.0 9.0 28.0 264.249 97.0 0.0 1.0 1.0 0.0 0.0 2.0 69.0 169.0 24.0 3.0 
7 28 25.0 2.0 5.0 2.0 225.0 26.0 9.0 28.0 264.249 97.0 0.0 1.0 1.0 0.0 0.0 2.0 69.0 169.0 24.0 3.0 
7 28 25.0 2.0 3.0 2.0 225.0 26.0 9.0 28.0 264.249 97.0 0.0 1.0 1.0 0.0 0.0 2.0 69.0 169.0 24.0 2.0 

8 15 23.0 10.0 5.0 4.0 291.0 31.0 12.0 40.0 253.465 93.0 0.0 1.0 1.0 1.0 0.0 1.0 73.0 171.0 25.0 5.0 
8 15 14.0 10.0 3.0 4.0 291.0 31.0 12.0 40.0 253.465 93.0 0.0 1.0 1.0 1.0 0.0 1.0 73.0 171.0 25.0 8.0 
8 15 23.0 2.0 3.0 2.0 291.0 31.0 12.0 40.0 251.818 96.0 0.0 1.0 1.0 1.0 0.0 1.0 73.0 171.0 25.0 2.0 
8 15 28.0 8.0 5.0 1.0 291.0 31.0 12.0 40.0 249.797 93.0 0.0 1.0 1.0 1.0 0.0 1.0 73.0 171.0 25.0 4.0 
8 15 28.0 8.0 5.0 1.0 291.0 31.0 12.0 40.0 249.797 93.0 0.0 1.0 1.0 1.0 0.0 1.0 73.0 171.0 25.0 2.0 
8 15 23.0 9.0 5.0 1.0 291.0 31.0 12.0 40.0 241.476 92.0 0.0 1.0 1.0 1.0 0.0 1.0 73.0 171.0 25.0 4.0 

9 28 23.0 1.0 4.0 2.0 225.0 26.0 9.0 28.0 308.593 95.0 0.0 1.0 1.0 0.0 0.0 2.0 69.0 169.0 24.0 1.0 
9 28 27.0 1.0 4.0 2.0 225.0 26.0 9.0 28.0 308.593 95.0 0.0 1.0 1.0 0.0 0.0 2.0 69.0 169.0 24.0 2.0 
9 28 28.0 1.0 5.0 2.0 225.0 26.0 9.0 28.0 308.593 95.0 0.0 1.0 1.0 0.0 0.0 2.0 69.0 169.0 24.0 2.0 
9 28 27.0 1.0 6.0 2.0 225.0 26.0 9.0 28.0 308.593 95.0 0.0 1.0 1.0 0.0 0.0 2.0 69.0 169.0 24.0 1.0 
9 28 27.0 1.0 3.0 2.0 225.0 26.0 9.0 28.0 308.593 95.0 0.0 1.0 1.0 0.0 0.0 2.0 69.0 169.0 24.0 2.0 
9 28 23.0 1.0 3.0 2.0 225.0 26.0 9.0 28.0 308.593 95.0 0.0 1.0 1.0 0.0 0.0 2.0 69.0 169.0 24.0 1.0 
9 28 28.0 2.0 2.0 2.0 225.0 26.0 9.0 28.0 302.585 99.0 0.0 1.0 1.0 0.0 0.0 2.0 69.0 169.0 24.0 2.0 
9 28 23.0 2.0 3.0 2.0 225.0 26.0 9.0 28.0 302.585 99.0 0.0 1.0 1.0 0.0 0.0 2.0 69.0 169.0 24.0 2.0 
9 28 25.0 2.0 5.0 2.0 225.0 26.0 9.0 28.0 302.585 99.0 0.0 1.0 1.0 0.0 0.0 2.0 69.0 169.0 24.0 3.0 
9 28 23.0 2.0 4.0 2.0 225.0 26.0 9.0 28.0 302.585 99.0 0.0 1.0 1.0 0.0 0.0 2.0 69.0 169.0 24.0 1.0 

10 34 19.0 1.0 2.0 2.0 118.0 10.0 10.0 37.0 308.593 95.0 0.0 1.0 0.0 0.0 0.0 0.0 83.0 172.0 28.0 1.0 
10 34 27.0 1.0 3.0 2.0 118.0 10.0 10.0 37.0 308.593 95.0 0.0 1.0 0.0 0.0 0.0 0.0 83.0 172.0 28.0 1.0 
10 34 27.0 1.0 2.0 2.0 118.0 10.0 10.0 37.0 308.593 95.0 0.0 1.0 0.0 0.0 0.0 0.0 83.0 172.0 28.0 2.0 
10 34 27.0 1.0 3.0 2.0 118.0 10.0 10.0 37.0 308.593 95.0 0.0 1.0 0.0 0.0 0.0 0.0 83.0 172.0 28.0 2.0 
10 34 27.0 1.0 4.0 2.0 118.0 10.0 10.0 37.0 308.593 95.0 0.0 1.0 0.0 0.0 0.0 0.0 83.0 172.0 28.0 2.0 
10 34 27.0 1.0 5.0 2.0 118.0 10.0 10.0 37.0 308.593 95.0 0.0 1.0 0.0 0.0 0.0 0.0 83.0 172.0 28.0 2.0 
10 34 27.0 1.0 6.0 2.0 118.0 10.0 10.0 37.0 308.593 95.0 0.0 1.0 0.0 0.0 0.0 0.0 83.0 172.0 28.0 2.0 
10 34 27.0 1.0 2.0 2.0 118.0 10.0 10.0 37.0 308.593 95.0 0.0 1.0 0.0 0.0 0.0 0.0 83.0 172.0 28.0 2.0 
10 34 27.0 1.0 3.0 2.0 118.0 10.0 10.0 37.0 308.593 95.0 0.0 1.0 0.0 0.0 0.0 0.0 83.0 172.0 28.0 2.0 
10 34 27.0 1.0 4.0 2.0 118.0 10.0 10.0 37.0 308.593 95.0 0.0 1.0 0.0 0.0 0.0 0.0 83.0 172.0 28.0 2.0 
10 34 27.0 1.0 5.0 2.0 118.0 10.0 10.0 37.0 308.593 95.0 0.0 1.0 0.0 0.0 0.0 0.0 83.0 172.0 28.0 2.0 
10 34 27.0 1.0 2.0 2.0 118.0 10.0 10.0 37.0 308.593 95.0 0.0 1.0 0.0 0.0 0.0 0.0 83.0 172.0 28.0 0.0 

11 3 18.0 5.0 3.0 3.0 179.0 51.0 18.0 38.0 378.884 92.0 0.0 1.0 0.0 1.0 0.0 0.0 89.0 170.0 31.0 8.0 
11 3 12.0 5.0 3.0 3.0 179.0 51.0 18.0 38.0 378.884 92.0 0.0 1.0 0.0 1.0 0.0 0.0 89.0 170.0 31.0 1.0 
11 3 11.0 5.0 3.0 3.0 179.0 51.0 18.0 38.0 378.884 92.0 0.0 1.0 0.0 1.0 0.0 0.0 89.0 170.0 31.0 1.0 
11 3 11.0 6.0 2.0 3.0 179.0 51.0 18.0 38.0 377.55 94.0 0.0 1.0 0.0 1.0 0.0 0.0 89.0 170.0 31.0 8.0 
11 3 11.0 6.0 6.0 3.0 179.0 51.0 18.0 38.0 377.55 94.0 0.0 1.0 0.0 1.0 0.0 0.0 89.0 170.0 31.0 2.0 

12 11 19.0 8.0 6.0 1.0 289.0 36.0 13.0 33.0 265.615 94.0 0.0 1.0 2.0 1.0 0.0 1.0 90.0 172.0 30.0 8.0 
12 11 23.0 8.0 2.0 1.0 289.0 36.0 13.0 33.0 265.615 94.0 0.0 1.0 2.0 1.0 0.0 1.0 90.0 172.0 30.0 1.0 
12 11 23.0 8.0 3.0 1.0 289.0 36.0 13.0 33.0 265.615 94.0 0.0 1.0 2.0 1.0 0.0 1.0 90.0 172.0 30.0 4.0 
12 11 24.0 10.0 2.0 4.0 289.0 36.0 13.0 33.0 265.017 88.0 0.0 1.0 2.0 1.0 0.0 1.0 90.0 172.0 30.0 8.0 
12 11 22.0 10.0 6.0 4.0 289.0 36.0 13.0 33.0 265.017 88.0 0.0 1.0 2.0 1.0 0.0 1.0 90.0 172.0 30.0 8.0 
12 11 24.0 11.0 4.0 4.0 289.0 36.0 13.0 33.0 268.519 93.0 0.0 1.0 2.0 1.0 0.0 1.0 90.0 172.0 30.0 8.0 
12 11 14.0 7.0 3.0 1.0 289.0 36.0 13.0 33.0 264.604 93.0 0.0 1.0 2.0 1.0 0.0 1.0 90.0 172.0 30.0 8.0 
12 11 26.0 10.0 2.0 4.0 289.0 36.0 13.0 33.0 265.017 88.0 0.0 1.0 2.0 1.0 0.0 1.0 90.0 172.0 30.0 8.0 
12 11 19.0 10.0 5.0 4.0 289.0 36.0 13.0 33.0 265.017 88.0 0.0 1.0 2.0 1.0 0.0 1.0 90.0 172.0 30.0 16.0 

13 33 23.0 12.0 3.0 4.0 248.0 25.0 14.0 47.0 261.306 97.0 0.0 1.0 2.0 0.0 0.0 1.0 86.0 165.0 32.0 1.0 
13 33 23.0 8.0 4.0 1.0 248.0 25.0 14.0 47.0 265.615 94.0 0.0 1.0 2.0 0.0 0.0 1.0 86.0 165.0 32.0 1.0 
13 33 25.0 8.0 2.0 1.0 248.0 25.0 14.0 47.0 265.615 94.0 0.0 1.0 2.0 0.0 0.0 1.0 86.0 165.0 32.0 2.0 
13 33 23.0 9.0 6.0 1.0 248.0 25.0 14.0 47.0 261.756 87.0 0.0 1.0 2.0 0.0 0.0 1.0 86.0 165.0 32.0 1.0 
13 33 23.0 2.0 3.0 2.0 248.0 25.0 14.0 47.0 264.249 97.0 0.0 1.0 2.0 0.0 0.0 1.0 86.0 165.0 32.0 2.0 

14 36 23.0 12.0 4.0 4.0 118.0 13.0 18.0 50.0 261.306 97.0 0.0 1.0 1.0 1.0 0.0 0.0 98.0 178.0 31.0 2.0 
14 36 23.0 8.0 5.0 1.0 118.0 13.0 18.0 50.0 265.615 94.0 0.0 1.0 1.0 1.0 0.0 0.0 98.0 178.0 31.0 1.0 
14 36 28.0 10.0 3.0 4.0 118.0 13.0 18.0 50.0 265.017 88.0 0.0 1.0 1.0 1.0 0.0 0.0 98.0 178.0 31.0 1.0 
14 36 28.0 10.0 5.0 4.0 118.0 13.0 18.0 50.0 265.017 88.0 0.0 1.0 1.0 1.0 0.0 0.0 98.0 178.0 31.0 1.0 
14 36 23.0 10.0 5.0 4.0 118.0 13.0 18.0 50.0 265.017 88.0 0.0 1.0 1.0 1.0 0.0 0.0 98.0 178.0 31.0 1.0 

15 3 28.0 10.0 4.0 4.0 179.0 51.0 18.0 38.0 265.017 88.0 0.0 1.0 0.0 1.0 0.0 0.0 89.0 170.0 31.0 1.0 
15 3 23.0 9.0 2.0 1.0 179.0 51.0 18.0 38.0 261.756 87.0 0.0 1.0 0.0 1.0 0.0 0.0 89.0 170.0 31.0 4.0 
15 3 21.0 11.0 3.0 4.0 179.0 51.0 18.0 38.0 268.519 93.0 0.0 1.0 0.0 1.0 0.0 0.0 89.0 170.0 31.0 1.0 
15 3 28.0 11.0 6.0 4.0 179.0 51.0 18.0 38.0 268.519 93.0 0.0 1.0 0.0 1.0 0.0 0.0 89.0 170.0 31.0 1.0 
15 3 28.0 11.0 2.0 4.0 179.0 51.0 18.0 38.0 268.519 93.0 0.0 1.0 0.0 1.0 0.0 0.0 89.0 170.0 31.0 1.0 

16 15 23.0 11.0 2.0 4.0 291.0 31.0 12.0 40.0 284.031 97.0 0.0 1.0 1.0 1.0 0.0 1.0 73.0 171.0 25.0 1.0 
16 15 28.0 10.0 4.0 4.0 291.0 31.0 12.0 40.0 284.853 91.0 0.0 1.0 1.0 1.0 0.0 1.0 73.0 171.0 25.0 2.0 
16 15 23.0 10.0 6.0 4.0 291.0 31.0 12.0 40.0 284.853 91.0 0.0 1.0 1.0 1.0 0.0 1.0 73.0 171.0 25.0 1.0 
16 15 23.0 10.0 4.0 4.0 291.0 31.0 12.0 40.0 284.853 91.0 0.0 1.0 1.0 1.0 0.0 1.0 73.0 171.0 25.0 1.0 
16 15 28.0 12.0 4.0 4.0 291.0 31.0 12.0 40.0 280.549 98.0 0.0 1.0 1.0 1.0 0.0 1.0 73.0 171.0 25.0 1.0 
16 15 28.0 6.0 5.0 3.0 291.0 31.0 12.0 40.0 275.089 96.0 0.0 1.0 1.0 1.0 0.0 1.0 73.0 171.0 25.0 2.0 

17 24 26.0 2.0 5.0 2.0 246.0 25.0 16.0 41.0 251.818 96.0 0.0 1.0 0.0 1.0 0.0 0.0 67.0 170.0 23.0 8.0 
17 24 23.0 2.0 3.0 2.0 246.0 25.0 16.0 41.0 251.818 96.0 0.0 1.0 0.0 1.0 0.0 0.0 67.0 170.0 23.0 2.0 
17 24 28.0 6.0 3.0 3.0 246.0 25.0 16.0 41.0 253.957 95.0 0.0 1.0 0.0 1.0 0.0 0.0 67.0 170.0 23.0 3.0 
17 24 28.0 6.0 6.0 1.0 246.0 25.0 16.0 41.0 253.957 95.0 0.0 1.0 0.0 1.0 0.0 0.0 67.0 170.0 23.0 2.0 
17 24 28.0 8.0 3.0 1.0 246.0 25.0 16.0 41.0 249.797 93.0 0.0 1.0 0.0 1.0 0.0 0.0 67.0 170.0 23.0 4.0 
17 24 28.0 3.0 6.0 2.0 246.0 25.0 16.0 41.0 244.387 98.0 0.0 1.0 0.0 1.0 0.0 0.0 67.0 170.0 23.0 2.0 
17 24 28.0 3.0 3.0 3.0 246.0 25.0 16.0 41.0 244.387 98.0 0.0 1.0 0.0 1.0 0.0 0.0 67.0 170.0 23.0 2.0 
17 24 28.0 8.0 3.0 1.0 246.0 25.0 16.0 41.0 249.797 93.0 0.0 1.0 0.0 1.0 0.0 0.0 67.0 170.0 23.0 1.0 

18 10 22.0 7.0 6.0 1.0 361.0 52.0 3.0 28.0 239.554 97.0 0.0 1.0 1.0 1.0 0.0 4.0 80.0 172.0 27.0 8.0 
18 10 22.0 3.0 4.0 2.0 361.0 52.0 3.0 28.0 244.387 98.0 0.0 1.0 1.0 1.0 0.0 4.0 80.0 172.0 27.0 8.0 
18 10 23.0 5.0 5.0 3.0 361.0 52.0 3.0 28.0 246.074 99.0 0.0 1.0 1.0 1.0 0.0 4.0 80.0 172.0 27.0 1.0 
18 10 19.0 4.0 3.0 3.0 361.0 52.0 3.0 28.0 246.288 91.0 0.0 1.0 1.0 1.0 0.0 4.0 80.0 172.0 27.0 8.0 
18 10 23.0 4.0 3.0 3.0 361.0 52.0 3.0 28.0 246.288 91.0 0.0 1.0 1.0 1.0 0.0 4.0 80.0 172.0 27.0 2.0 

19 36 23.0 3.0 6.0 3.0 118.0 13.0 18.0 50.0 244.387 98.0 0.0 1.0 1.0 1.0 0.0 0.0 98.0 178.0 31.0 2.0 
19 36 14.0 3.0 3.0 3.0 118.0 13.0 18.0 50.0 244.387 98.0 0.0 1.0 1.0 1.0 0.0 0.0 98.0 178.0 31.0 3.0 
19 36 23.0 4.0 2.0 3.0 118.0 13.0 18.0 50.0 239.409 98.0 0.0 1.0 1.0 1.0 0.0 0.0 98.0 178.0 31.0 1.0 
19 36 23.0 4.0 3.0 3.0 118.0 13.0 18.0 50.0 246.288 91.0 0.0 1.0 1.0 1.0 0.0 0.0 98.0 178.0 31.0 3.0 
19 36 23.0 5.0 2.0 3.0 118.0 13.0 18.0 50.0 237.656 99.0 0.0 1.0 1.0 1.0 0.0 0.0 98.0 178.0 31.0 2.0 

20 22 23.0 5.0 4.0 3.0 179.0 26.0 9.0 30.0 246.074 99.0 0.0 3.0 0.0 0.0 0.0 0.0 56.0 171.0 19.0 3.0 
20 22 25.0 5.0 2.0 3.0 179.0 26.0 9.0 30.0 246.074 99.0 0.0 3.0 0.0 0.0 0.0 0.0 56.0 171.0 19.0 2.0 
20 22 23.0 5.0 4.0 3.0 179.0 26.0 9.0 30.0 246.074 99.0 0.0 3.0 0.0 0.0 0.0 0.0 56.0 171.0 19.0 3.0 
20 22 21.0 6.0 4.0 1.0 179.0 26.0 9.0 30.0 253.957 95.0 0.0 3.0 0.0 0.0 0.0 0.0 56.0 171.0 19.0 2.0 
20 22 27.0 4.0 6.0 3.0 179.0 26.0 9.0 30.0 246.288 91.0 0.0 3.0 0.0 0.0 0.0 0.0 56.0 171.0 19.0 2.0 
20 22 27.0 4.0 6.0 3.0 179.0 26.0 9.0 30.0 246.288 91.0 0.0 3.0 0.0 0.0 0.0 0.0 56.0 171.0 19.0 2.0 
20 22 27.0 4.0 6.0 3.0 179.0 26.0 9.0 30.0 246.288 91.0 0.0 3.0 0.0 0.0 0.0 0.0 56.0 171.0 19.0 2.0 
20 22 27.0 4.0 6.0 3.0 179.0 26.0 9.0 30.0 246.288 91.0 0.0 3.0 0.0 0.0 0.0 0.0 56.0 171.0 19.0 2.0 
20 22 27.0 5.0 6.0 3.0 179.0 26.0 9.0 30.0 237.656 99.0 0.0 3.0 0.0 0.0 0.0 0.0 56.0 171.0 19.0 2.0 
20 22 27.0 5.0 4.0 3.0 179.0 26.0 9.0 30.0 237.656 99.0 0.0 3.0 0.0 0.0 0.0 0.0 56.0 171.0 19.0 2.0 
20 22 27.0 5.0 6.0 3.0 179.0 26.0 9.0 30.0 237.656 99.0 0.0 3.0 0.0 0.0 0.0 0.0 56.0 171.0 19.0 2.0 

21 28 23.0 10.0 3.0 4.0 225.0 26.0 9.0 28.0 284.853 91.0 0.0 1.0 1.0 0.0 0.0 2.0 69.0 169.0 24.0 2.0 
21 28 23.0 10.0 3.0 4.0 225.0 26.0 9.0 28.0 284.853 91.0 0.0 1.0 1.0 0.0 0.0 2.0 69.0 169.0 24.0 4.0 
21 28 23.0 12.0 4.0 4.0 225.0 26.0 9.0 28.0 280.549 98.0 0.0 1.0 1.0 0.0 0.0 2.0 69.0 169.0 24.0 3.0 
21 28 23.0 12.0 6.0 4.0 225.0 26.0 9.0 28.0 280.549 98.0 0.0 1.0 1.0 0.0 0.0 2.0 69.0 169.0 24.0 3.0 
21 28 23.0 12.0 4.0 4.0 225.0 26.0 9.0 28.0 280.549 98.0 0.0 1.0 1.0 0.0 0.0 2.0 69.0 169.0 24.0 3.0 
21 28 23.0 12.0 3.0 4.0 225.0 26.0 9.0 28.0 280.549 98.0 0.0 1.0 1.0 0.0 0.0 2.0 69.0 169.0 24.0 2.0 
21 28 23.0 12.0 5.0 4.0 225.0 26.0 9.0 28.0 280.549 98.0 0.0 1.0 1.0 0.0 0.0 2.0 69.0 169.0 24.0 3.0 
21 28 23.0 12.0 2.0 4.0 225.0 26.0 9.0 28.0 280.549 98.0 0.0 1.0 1.0 0.0 0.0 2.0 69.0 169.0 24.0 2.0 

22 34 27.0 12.0 6.0 4.0 118.0 10.0 10.0 37.0 261.306 97.0 0.0 1.0 0.0 0.0 0.0 0.0 83.0 172.0 28.0 2.0 
22 34 28.0 9.0 3.0 1.0 118.0 10.0 10.0 37.0 261.756 87.0 0.0 1.0 0.0 0.0 0.0 0.0 83.0 172.0 28.0 3.0 
22 34 28.0 11.0 4.0 4.0 118.0 10.0 10.0 37.0 268.519 93.0 0.0 1.0 0.0 0.0 0.0 0.0 83.0 172.0 28.0 3.0 
22 34 23.0 11.0 2.0 4.0 118.0 10.0 10.0 37.0 268.519 93.0 0.0 1.0 0.0 0.0 0.0 0.0 83.0 172.0 28.0 8.0 
22 34 25.0 6.0 2.0 1.0 118.0 10.0 10.0 37.0 275.089 96.0 0.0 1.0 0.0 0.0 0.0 0.0 83.0 172.0 28.0 3.0 
22 34 28.0 7.0 2.0 1.0 118.0 10.0 10.0 37.0 264.604 93.0 0.0 1.0 0.0 0.0 0.0 0.0 83.0 172.0 28.0 4.0 
22 34 23.0 7.0 4.0 1.0 118.0 10.0 10.0 37.0 264.604 93.0 0.0 1.0 0.0 0.0 0.0 0.0 83.0 172.0 28.0 2.0 

23 34 7.0 10.0 2.0 4.0 118.0 10.0 10.0 37.0 265.017 88.0 0.0 1.0 0.0 0.0 0.0 0.0 83.0 172.0 28.0 3.0 
23 34 9.0 11.0 3.0 4.0 118.0 10.0 10.0 37.0 268.519 93.0 0.0 1.0 0.0 0.0 0.0 0.0 83.0 172.0 28.0 8.0 
23 34 13.0 11.0 5.0 4.0 118.0 10.0 10.0 37.0 268.519 93.0 0.0 1.0 0.0 0.0 0.0 0.0 83.0 172.0 28.0 2.0 
23 34 8.0 11.0 3.0 4.0 118.0 10.0 10.0 37.0 268.519 93.0 0.0 1.0 0.0 0.0 0.0 0.0 83.0 172.0 28.0 8.0 
23 34 10.0 6.0 4.0 3.0 118.0 10.0 10.0 37.0 275.089 96.0 0.0 1.0 0.0 0.0 0.0 0.0 83.0 172.0 28.0 8.0 
23 34 10.0 6.0 4.0 1.0 118.0 10.0 10.0 37.0 275.089 96.0 0.0 1.0 0.0 0.0 0.0 0.0 83.0 172.0 28.0 3.0 
23 34 5.0 7.0 6.0 1.0 118.0 10.0 10.0 37.0 275.312 98.0 0.0 1.0 0.0 0.0 0.0 0.0 83.0 172.0 28.0 8.0 
23 34 8.0 6.0 6.0 1.0 118.0 10.0 10.0 37.0 275.089 96.0 0.0 1.0 0.0 0.0 0.0 0.0 83.0 172.0 28.0 2.0 

24 10 22.0 12.0 4.0 4.0 361.0 52.0 3.0 28.0 261.306 97.0 0.0 1.0 1.0 1.0 0.0 4.0 80.0 172.0 27.0 8.0 
24 10 22.0 12.0 4.0 4.0 361.0 52.0 3.0 28.0 261.306 97.0 0.0 1.0 1.0 1.0 0.0 4.0 80.0 172.0 27.0 8.0 
24 10 22.0 7.0 3.0 1.0 361.0 52.0 3.0 28.0 275.312 98.0 0.0 1.0 1.0 1.0 0.0 4.0 80.0 172.0 27.0 8.0 
24 10 22.0 9.0 3.0 4.0 361.0 52.0 3.0 28.0 261.756 87.0 0.0 1.0 1.0 1.0 0.0 4.0 80.0 172.0 27.0 8.0 
24 10 22.0 11.0 3.0 4.0 361.0 52.0 3.0 28.0 268.519 93.0 0.0 1.0 1.0 1.0 0.0 4.0 80.0 172.0 27.0 8.0 
24 10 28.0 11.0 2.0 4.0 361.0 52.0 3.0 28.0 268.519 93.0 0.0 1.0 1.0 1.0 0.0 4.0 80.0 172.0 27.0 2.0 
24 10 22.0 7.0 4.0 1.0 361.0 52.0 3.0 28.0 264.604 93.0 0.0 1.0 1.0 1.0 0.0 4.0 80.0 172.0 27.0 8.0 

25 3 27.0 2.0 4.0 2.0 179.0 51.0 18.0 38.0 264.249 97.0 0.0 1.0 0.0 1.0 0.0 0.0 89.0 170.0 31.0 2.0 
25 3 27.0 2.0 5.0 2.0 179.0 51.0 18.0 38.0 264.249 97.0 0.0 1.0 0.0 1.0 0.0 0.0 89.0 170.0 31.0 2.0 
25 3 27.0 2.0 6.0 2.0 179.0 51.0 18.0 38.0 264.249 97.0 0.0 1.0 0.0 1.0 0.0 0.0 89.0 170.0 31.0 2.0 
25 3 27.0 2.0 2.0 2.0 179.0 51.0 18.0 38.0 264.249 97.0 0.0 1.0 0.0 1.0 0.0 0.0 89.0 170.0 31.0 2.0 
25 3 27.0 2.0 4.0 2.0 179.0 51.0 18.0 38.0 264.249 97.0 0.0 1.0 0.0 1.0 0.0 0.0 89.0 170.0 31.0 3.0 
25 3 27.0 2.0 5.0 2.0 179.0 51.0 18.0 38.0 264.249 97.0 0.0 1.0 0.0 1.0 0.0 0.0 89.0 170.0 31.0 3.0 
25 3 27.0 2.0 6.0 2.0 179.0 51.0 18.0 38.0 264.249 97.0 0.0 1.0 0.0 1.0 0.0 0.0 89.0 170.0 31.0 3.0 
25 3 27.0 2.0 4.0 2.0 179.0 51.0 18.0 38.0 264.249 97.0 0.0 1.0 0.0 1.0 0.0 0.0 89.0 170.0 31.0 2.0 
25 3 27.0 2.0 6.0 2.0 179.0 51.0 18.0 38.0 264.249 97.0 0.0 1.0 0.0 1.0 0.0 0.0 89.0 170.0 31.0 2.0 
25 3 27.0 2.0 2.0 2.0 179.0 51.0 18.0 38.0 264.249 97.0 0.0 1.0 0.0 1.0 0.0 0.0 89.0 170.0 31.0 2.0 
25 3 27.0 2.0 3.0 2.0 179.0 51.0 18.0 38.0 264.249 97.0 0.0 1.0 0.0 1.0 0.0 0.0 89.0 170.0 31.0 2.0 
25 3 27.0 2.0 4.0 2.0 179.0 51.0 18.0 38.0 264.249 97.0 0.0 1.0 0.0 1.0 0.0 0.0 89.0 170.0 31.0 2.0 
25 3 27.0 2.0 5.0 2.0 179.0 51.0 18.0 38.0 264.249 97.0 0.0 1.0 0.0 1.0 0.0 0.0 89.0 170.0 31.0 2.0 

26 3 27.0 3.0 2.0 2.0 179.0 51.0 18.0 38.0 222.196 99.0 0.0 1.0 0.0 1.0 0.0 0.0 89.0 170.0 31.0 2.0 
26 3 27.0 3.0 4.0 2.0 179.0 51.0 18.0 38.0 222.196 99.0 0.0 1.0 0.0 1.0 0.0 0.0 89.0 170.0 31.0 2.0 
26 3 27.0 3.0 5.0 2.0 179.0 51.0 18.0 38.0 222.196 99.0 0.0 1.0 0.0 1.0 0.0 0.0 89.0 170.0 31.0 3.0 
26 3 27.0 3.0 4.0 2.0 179.0 51.0 18.0 38.0 222.196 99.0 0.0 1.0 0.0 1.0 0.0 0.0 89.0 170.0 31.0 2.0 
26 3 27.0 3.0 5.0 2.0 179.0 51.0 18.0 38.0 222.196 99.0 0.0 1.0 0.0 1.0 0.0 0.0 89.0 170.0 31.0 3.0 
26 3 27.0 3.0 2.0 2.0 179.0 51.0 18.0 38.0 222.196 99.0 0.0 1.0 0.0 1.0 0.0 0.0 89.0 170.0 31.0 3.0 
26 3 27.0 3.0 3.0 2.0 179.0 51.0 18.0 38.0 222.196 99.0 0.0 1.0 0.0 1.0 0.0 0.0 89.0 170.0 31.0 2.0 
26 3 27.0 3.0 4.0 2.0 179.0 51.0 18.0 38.0 222.196 99.0 0.0 1.0 0.0 1.0 0.0 0.0 89.0 170.0 31.0 2.0 
26 3 27.0 3.0 5.0 2.0 179.0 51.0 18.0 38.0 222.196 99.0 0.0 1.0 0.0 1.0 0.0 0.0 89.0 170.0 31.0 3.0 
26 3 27.0 3.0 6.0 2.0 179.0 51.0 18.0 38.0 222.196 99.0 0.0 1.0 0.0 1.0 0.0 0.0 89.0 170.0 31.0 3.0 
26 3 27.0 3.0 3.0 3.0 179.0 51.0 18.0 38.0 222.196 99.0 0.0 1.0 0.0 1.0 0.0 0.0 89.0 170.0 31.0 3.0 
26 3 27.0 3.0 4.0 3.0 179.0 51.0 18.0 38.0 222.196 99.0 0.0 1.0 0.0 1.0 0.0 0.0 89.0 170.0 31.0 3.0 
26 3 27.0 3.0 5.0 3.0 179.0 51.0 18.0 38.0 222.196 99.0 0.0 1.0 0.0 1.0 0.0 0.0 89.0 170.0 31.0 3.0 

Noise points
11 26.0 7.0 3.0 1.0 289.0 36.0 13.0 33.0 239.554 97.0 0.0 1.0 2.0 1.0 0.0 1.0 90.0 172.0 30.0 4.0 
7 7.0 7.0 5.0 1.0 279.0 5.0 14.0 39.0 239.554 97.0 0.0 1.0 2.0 1.0 1.0 0.0 68.0 168.0 24.0 4.0 
11 23.0 7.0 5.0 1.0 289.0 36.0 13.0 33.0 239.554 97.0 0.0 1.0 2.0 1.0 0.0 1.0 90.0 172.0 30.0 2.0 
14 19.0 7.0 2.0 1.0 155.0 12.0 14.0 34.0 239.554 97.0 0.0 1.0 2.0 1.0 0.0 0.0 95.0 196.0 25.0 40.0 
20 1.0 7.0 2.0 1.0 260.0 50.0 11.0 36.0 239.554 97.0 0.0 1.0 4.0 1.0 0.0 0.0 65.0 168.0 23.0 8.0 
20 1.0 7.0 3.0 1.0 260.0 50.0 11.0 36.0 239.554 97.0 0.0 1.0 4.0 1.0 0.0 0.0 65.0 168.0 23.0 8.0 
20 11.0 7.0 4.0 1.0 260.0 50.0 11.0 36.0 239.554 97.0 0.0 1.0 4.0 1.0 0.0 0.0 65.0 168.0 23.0 8.0 
3 11.0 7.0 4.0 1.0 179.0 51.0 18.0 38.0 239.554 97.0 0.0 1.0 0.0 1.0 0.0 0.0 89.0 170.0 31.0 1.0 
24 14.0 7.0 6.0 1.0 246.0 25.0 16.0 41.0 239.554 97.0 0.0 1.0 0.0 1.0 0.0 0.0 67.0 170.0 23.0 8.0 
6 11.0 7.0 5.0 1.0 189.0 29.0 13.0 33.0 239.554 97.0 0.0 1.0 2.0 0.0 0.0 2.0 69.0 167.0 25.0 8.0 
33 23.0 8.0 4.0 1.0 248.0 25.0 14.0 47.0 205.917 92.0 0.0 1.0 2.0 0.0 0.0 1.0 86.0 165.0 32.0 2.0 
18 10.0 8.0 4.0 1.0 330.0 16.0 4.0 28.0 205.917 92.0 0.0 2.0 0.0 0.0 0.0 0.0 84.0 182.0 25.0 8.0 
3 11.0 8.0 2.0 1.0 179.0 51.0 18.0 38.0 205.917 92.0 0.0 1.0 0.0 1.0 0.0 0.0 89.0 170.0 31.0 1.0 
10 13.0 8.0 2.0 1.0 361.0 52.0 3.0 28.0 205.917 92.0 0.0 1.0 1.0 1.0 0.0 4.0 80.0 172.0 27.0 40.0 
20 28.0 8.0 6.0 1.0 260.0 50.0 11.0 36.0 205.917 92.0 0.0 1.0 4.0 1.0 0.0 0.0 65.0 168.0 23.0 4.0 
11 18.0 8.0 2.0 1.0 289.0 36.0 13.0 33.0 205.917 92.0 0.0 1.0 2.0 1.0 0.0 1.0 90.0 172.0 30.0 8.0 
10 25.0 8.0 2.0 1.0 361.0 52.0 3.0 28.0 205.917 92.0 0.0 1.0 1.0 1.0 0.0 4.0 80.0 172.0 27.0 7.0 
11 23.0 8.0 3.0 1.0 289.0 36.0 13.0 33.0 205.917 92.0 0.0 1.0 2.0 1.0 0.0 1.0 90.0 172.0 30.0 1.0 
30 28.0 8.0 4.0 1.0 157.0 27.0 6.0 29.0 205.917 92.0 0.0 1.0 0.0 1.0 1.0 0.0 75.0 185.0 22.0 4.0 
11 18.0 8.0 4.0 1.0 289.0 36.0 13.0 33.0 205.917 92.0 0.0 1.0 2.0 1.0 0.0 1.0 90.0 172.0 30.0 8.0 
3 23.0 8.0 6.0 1.0 179.0 51.0 18.0 38.0 205.917 92.0 0.0 1.0 0.0 1.0 0.0 0.0 89.0 170.0 31.0 2.0 
3 18.0 8.0 2.0 1.0 179.0 51.0 18.0 38.0 205.917 92.0 0.0 1.0 0.0 1.0 0.0 0.0 89.0 170.0 31.0 8.0 
2 18.0 8.0 5.0 1.0 235.0 29.0 12.0 48.0 205.917 92.0 0.0 1.0 1.0 0.0 1.0 5.0 88.0 163.0 33.0 8.0 
1 23.0 8.0 5.0 1.0 235.0 11.0 14.0 37.0 205.917 92.0 0.0 3.0 1.0 0.0 0.0 1.0 88.0 172.0 29.0 4.0 
2 18.0 8.0 2.0 1.0 235.0 29.0 12.0 48.0 205.917 92.0 0.0 1.0 1.0 0.0 1.0 5.0 88.0 163.0 33.0 8.0 
3 23.0 8.0 2.0 1.0 179.0 51.0 18.0 38.0 205.917 92.0 0.0 1.0 0.0 1.0 0.0 0.0 89.0 170.0 31.0 2.0 
10 23.0 8.0 2.0 1.0 361.0 52.0 3.0 28.0 205.917 92.0 0.0 1.0 1.0 1.0 0.0 4.0 80.0 172.0 27.0 1.0 
11 24.0 8.0 3.0 1.0 289.0 36.0 13.0 33.0 205.917 92.0 0.0 1.0 2.0 1.0 0.0 1.0 90.0 172.0 30.0 8.0 
19 11.0 8.0 5.0 1.0 291.0 50.0 12.0 32.0 205.917 92.0 0.0 1.0 0.0 1.0 0.0 0.0 65.0 169.0 23.0 4.0 
2 28.0 8.0 6.0 1.0 235.0 29.0 12.0 48.0 205.917 92.0 0.0 1.0 1.0 0.0 1.0 5.0 88.0 163.0 33.0 8.0 
20 23.0 8.0 6.0 1.0 260.0 50.0 11.0 36.0 205.917 92.0 0.0 1.0 4.0 1.0 0.0 0.0 65.0 168.0 23.0 4.0 
27 23.0 9.0 3.0 1.0 184.0 42.0 7.0 27.0 241.476 92.0 0.0 1.0 0.0 0.0 0.0 0.0 58.0 167.0 21.0 2.0 
5 19.0 9.0 3.0 1.0 235.0 20.0 13.0 43.0 241.476 92.0 0.0 1.0 1.0 1.0 0.0 0.0 106.0 167.0 38.0 8.0 
14 23.0 9.0 4.0 1.0 155.0 12.0 14.0 34.0 241.476 92.0 0.0 1.0 2.0 1.0 0.0 0.0 95.0 196.0 25.0 2.0 
15 14.0 9.0 2.0 4.0 291.0 31.0 12.0 40.0 241.476 92.0 0.0 1.0 1.0 1.0 0.0 1.0 73.0 171.0 25.0 32.0 
20 0.0 9.0 2.0 4.0 260.0 50.0 11.0 36.0 241.476 92.0 1.0 1.0 4.0 1.0 0.0 0.0 65.0 168.0 23.0 0.0 
29 0.0 9.0 2.0 4.0 225.0 26.0 9.0 28.0 241.476 92.0 1.0 1.0 1.0 0.0 0.0 2.0 69.0 169.0 24.0 0.0 
11 0.0 9.0 3.0 4.0 289.0 36.0 13.0 33.0 241.476 92.0 1.0 1.0 2.0 1.0 0.0 1.0 90.0 172.0 30.0 0.0 
13 0.0 9.0 4.0 4.0 369.0 17.0 12.0 31.0 241.476 92.0 1.0 1.0 3.0 1.0 0.0 0.0 70.0 169.0 25.0 0.0 
33 23.0 9.0 6.0 4.0 248.0 25.0 14.0 47.0 241.476 92.0 0.0 1.0 2.0 0.0 0.0 1.0 86.0 165.0 32.0 1.0 
36 0.0 10.0 4.0 4.0 118.0 13.0 18.0 50.0 253.465 93.0 1.0 1.0 1.0 1.0 0.0 0.0 98.0 178.0 31.0 0.0 
22 23.0 10.0 5.0 4.0 179.0 26.0 9.0 30.0 253.465 93.0 0.0 3.0 0.0 0.0 0.0 0.0 56.0 171.0 19.0 1.0 
33 23.0 10.0 4.0 4.0 248.0 25.0 14.0 47.0 253.465 93.0 0.0 1.0 2.0 0.0 0.0 1.0 86.0 165.0 32.0 2.0 
20 19.0 10.0 5.0 4.0 260.0 50.0 11.0 36.0 253.465 93.0 0.0 1.0 4.0 1.0 0.0 0.0 65.0 168.0 23.0 16.0 
11 26.0 10.0 4.0 4.0 289.0 36.0 13.0 33.0 253.465 93.0 0.0 1.0 2.0 1.0 0.0 1.0 90.0 172.0 30.0 8.0 
10 23.0 10.0 6.0 4.0 361.0 52.0 3.0 28.0 253.465 93.0 0.0 1.0 1.0 1.0 0.0 4.0 80.0 172.0 27.0 1.0 
3 23.0 11.0 5.0 4.0 179.0 51.0 18.0 38.0 306.345 93.0 0.0 1.0 0.0 1.0 0.0 0.0 89.0 170.0 31.0 1.0 
28 23.0 11.0 4.0 4.0 225.0 26.0 9.0 28.0 306.345 93.0 0.0 1.0 1.0 0.0 0.0 2.0 69.0 169.0 24.0 1.0 
3 13.0 11.0 5.0 4.0 179.0 51.0 18.0 38.0 306.345 93.0 0.0 1.0 0.0 1.0 0.0 0.0 89.0 170.0 31.0 8.0 
17 21.0 11.0 5.0 4.0 179.0 22.0 17.0 40.0 306.345 93.0 0.0 2.0 2.0 0.0 1.0 0.0 63.0 170.0 22.0 8.0 
15 23.0 11.0 5.0 4.0 291.0 31.0 12.0 40.0 306.345 93.0 0.0 1.0 1.0 1.0 0.0 1.0 73.0 171.0 25.0 5.0 
14 10.0 11.0 2.0 4.0 155.0 12.0 14.0 34.0 306.345 93.0 0.0 1.0 2.0 1.0 0.0 0.0 95.0 196.0 25.0 32.0 
6 22.0 11.0 2.0 4.0 189.0 29.0 13.0 33.0 306.345 93.0 0.0 1.0 2.0 0.0 0.0 2.0 69.0 167.0 25.0 8.0 
15 14.0 11.0 2.0 4.0 291.0 31.0 12.0 40.0 306.345 93.0 0.0 1.0 1.0 1.0 0.0 1.0 73.0 171.0 25.0 40.0 
28 23.0 11.0 4.0 4.0 225.0 26.0 9.0 28.0 306.345 93.0 0.0 1.0 1.0 0.0 0.0 2.0 69.0 169.0 24.0 1.0 
14 6.0 11.0 6.0 4.0 155.0 12.0 14.0 34.0 306.345 93.0 0.0 1.0 2.0 1.0 0.0 0.0 95.0 196.0 25.0 8.0 
28 23.0 11.0 4.0 4.0 225.0 26.0 9.0 28.0 306.345 93.0 0.0 1.0 1.0 0.0 0.0 2.0 69.0 169.0 24.0 3.0 
17 21.0 11.0 4.0 4.0 179.0 22.0 17.0 40.0 306.345 93.0 0.0 2.0 2.0 0.0 1.0 0.0 63.0 170.0 22.0 8.0 
28 13.0 11.0 6.0 4.0 225.0 26.0 9.0 28.0 306.345 93.0 0.0 1.0 1.0 0.0 0.0 2.0 69.0 169.0 24.0 3.0 
20 28.0 11.0 6.0 4.0 260.0 50.0 11.0 36.0 306.345 93.0 0.0 1.0 4.0 1.0 0.0 0.0 65.0 168.0 23.0 4.0 
33 28.0 11.0 2.0 4.0 248.0 25.0 14.0 47.0 306.345 93.0 0.0 1.0 2.0 0.0 0.0 1.0 86.0 165.0 32.0 1.0 
28 28.0 11.0 3.0 4.0 225.0 26.0 9.0 28.0 306.345 93.0 0.0 1.0 1.0 0.0 0.0 2.0 69.0 169.0 24.0 3.0 
11 7.0 11.0 4.0 4.0 289.0 36.0 13.0 33.0 306.345 93.0 0.0 1.0 2.0 1.0 0.0 1.0 90.0 172.0 30.0 24.0 
15 23.0 11.0 5.0 4.0 291.0 31.0 12.0 40.0 306.345 93.0 0.0 1.0 1.0 1.0 0.0 1.0 73.0 171.0 25.0 3.0 
34 19.0 12.0 3.0 4.0 118.0 10.0 10.0 37.0 261.306 97.0 0.0 1.0 0.0 0.0 0.0 0.0 83.0 172.0 28.0 64.0 
1 26.0 12.0 4.0 4.0 235.0 11.0 14.0 37.0 261.306 97.0 0.0 3.0 1.0 0.0 0.0 1.0 88.0 172.0 29.0 8.0 
34 19.0 12.0 3.0 4.0 118.0 10.0 10.0 37.0 261.306 97.0 0.0 1.0 0.0 0.0 0.0 0.0 83.0 172.0 28.0 56.0 
24 19.0 12.0 6.0 2.0 246.0 25.0 16.0 41.0 261.306 97.0 0.0 1.0 0.0 1.0 0.0 0.0 67.0 170.0 23.0 8.0 
14 18.0 1.0 3.0 2.0 155.0 12.0 14.0 34.0 308.593 95.0 0.0 1.0 2.0 1.0 0.0 0.0 95.0 196.0 25.0 8.0 
27 23.0 1.0 5.0 2.0 184.0 42.0 7.0 27.0 308.593 95.0 0.0 1.0 0.0 0.0 0.0 0.0 58.0 167.0 21.0 2.0 
22 18.0 1.0 3.0 2.0 179.0 26.0 9.0 30.0 308.593 95.0 0.0 3.0 0.0 0.0 0.0 0.0 56.0 171.0 19.0 8.0 
11 18.0 1.0 3.0 2.0 289.0 36.0 13.0 33.0 308.593 95.0 0.0 1.0 2.0 1.0 0.0 1.0 90.0 172.0 30.0 8.0 
27 23.0 1.0 5.0 2.0 184.0 42.0 7.0 27.0 308.593 95.0 0.0 1.0 0.0 0.0 0.0 0.0 58.0 167.0 21.0 2.0 
11 22.0 1.0 5.0 2.0 289.0 36.0 13.0 33.0 308.593 95.0 0.0 1.0 2.0 1.0 0.0 1.0 90.0 172.0 30.0 3.0 
27 23.0 2.0 6.0 2.0 184.0 42.0 7.0 27.0 302.585 99.0 0.0 1.0 0.0 0.0 0.0 0.0 58.0 167.0 21.0 1.0 
24 1.0 2.0 4.0 2.0 246.0 25.0 16.0 41.0 302.585 99.0 0.0 1.0 0.0 1.0 0.0 0.0 67.0 170.0 23.0 8.0 
3 11.0 2.0 4.0 2.0 179.0 51.0 18.0 38.0 302.585 99.0 0.0 1.0 0.0 1.0 0.0 0.0 89.0 170.0 31.0 8.0 
14 28.0 2.0 5.0 2.0 155.0 12.0 14.0 34.0 302.585 99.0 0.0 1.0 2.0 1.0 0.0 0.0 95.0 196.0 25.0 2.0 
6 23.0 2.0 5.0 2.0 189.0 29.0 13.0 33.0 302.585 99.0 0.0 1.0 2.0 0.0 0.0 2.0 69.0 167.0 25.0 8.0 
20 28.0 2.0 6.0 2.0 260.0 50.0 11.0 36.0 302.585 99.0 0.0 1.0 4.0 1.0 0.0 0.0 65.0 168.0 23.0 2.0 
11 22.0 2.0 6.0 2.0 289.0 36.0 13.0 33.0 302.585 99.0 0.0 1.0 2.0 1.0 0.0 1.0 90.0 172.0 30.0 8.0 
31 11.0 2.0 2.0 2.0 388.0 15.0 9.0 50.0 302.585 99.0 0.0 1.0 0.0 0.0 0.0 0.0 76.0 178.0 24.0 8.0 
31 1.0 2.0 3.0 2.0 388.0 15.0 9.0 50.0 302.585 99.0 0.0 1.0 0.0 0.0 0.0 0.0 76.0 178.0 24.0 8.0 
22 23.0 2.0 3.0 2.0 179.0 26.0 9.0 30.0 302.585 99.0 0.0 3.0 0.0 0.0 0.0 0.0 56.0 171.0 19.0 1.0 
27 23.0 2.0 3.0 2.0 184.0 42.0 7.0 27.0 302.585 99.0 0.0 1.0 0.0 0.0 0.0 0.0 58.0 167.0 21.0 8.0 
18 18.0 2.0 2.0 2.0 330.0 16.0 4.0 28.0 302.585 99.0 0.0 2.0 0.0 0.0 0.0 0.0 84.0 182.0 25.0 8.0 
18 23.0 2.0 3.0 2.0 330.0 16.0 4.0 28.0 302.585 99.0 0.0 2.0 0.0 0.0 0.0 0.0 84.0 182.0 25.0 1.0 
6 19.0 2.0 5.0 2.0 189.0 29.0 13.0 33.0 302.585 99.0 0.0 1.0 2.0 0.0 0.0 2.0 69.0 167.0 25.0 8.0 
19 28.0 3.0 3.0 2.0 291.0 50.0 12.0 32.0 343.253 95.0 0.0 1.0 0.0 1.0 0.0 0.0 65.0 169.0 23.0 2.0 
20 19.0 3.0 3.0 2.0 260.0 50.0 11.0 36.0 343.253 95.0 0.0 1.0 4.0 1.0 0.0 0.0 65.0 168.0 23.0 8.0 
30 19.0 3.0 3.0 2.0 157.0 27.0 6.0 29.0 343.253 95.0 0.0 1.0 0.0 1.0 1.0 0.0 75.0 185.0 22.0 3.0 
17 17.0 3.0 3.0 2.0 179.0 22.0 17.0 40.0 343.253 95.0 0.0 2.0 2.0 0.0 1.0 0.0 63.0 170.0 22.0 8.0 
15 22.0 3.0 4.0 2.0 291.0 31.0 12.0 40.0 343.253 95.0 0.0 1.0 1.0 1.0 0.0 1.0 73.0 171.0 25.0 8.0 
20 13.0 3.0 4.0 2.0 260.0 50.0 11.0 36.0 343.253 95.0 0.0 1.0 4.0 1.0 0.0 0.0 65.0 168.0 23.0 8.0 
22 13.0 3.0 5.0 2.0 179.0 26.0 9.0 30.0 343.253 95.0 0.0 3.0 0.0 0.0 0.0 0.0 56.0 171.0 19.0 8.0 
33 14.0 3.0 6.0 2.0 248.0 25.0 14.0 47.0 343.253 95.0 0.0 1.0 2.0 0.0 0.0 1.0 86.0 165.0 32.0 3.0 
20 13.0 3.0 6.0 2.0 260.0 50.0 11.0 36.0 343.253 95.0 0.0 1.0 4.0 1.0 0.0 0.0 65.0 168.0 23.0 40.0 
17 11.0 3.0 2.0 2.0 179.0 22.0 17.0 40.0 343.253 95.0 0.0 2.0 2.0 0.0 1.0 0.0 63.0 170.0 22.0 40.0 
14 1.0 3.0 2.0 2.0 155.0 12.0 14.0 34.0 343.253 95.0 0.0 1.0 2.0 1.0 0.0 0.0 95.0 196.0 25.0 16.0 
20 26.0 3.0 2.0 2.0 260.0 50.0 11.0 36.0 343.253 95.0 0.0 1.0 4.0 1.0 0.0 0.0 65.0 168.0 23.0 16.0 
14 13.0 3.0 3.0 2.0 155.0 12.0 14.0 34.0 343.253 95.0 0.0 1.0 2.0 1.0 0.0 0.0 95.0 196.0 25.0 8.0 
11 6.0 3.0 5.0 2.0 289.0 36.0 13.0 33.0 343.253 95.0 0.0 1.0 2.0 1.0 0.0 1.0 90.0 172.0 30.0 8.0 
17 8.0 3.0 5.0 2.0 179.0 22.0 17.0 40.0 343.253 95.0 0.0 2.0 2.0 0.0 1.0 0.0 63.0 170.0 22.0 8.0 
20 28.0 3.0 6.0 2.0 260.0 50.0 11.0 36.0 343.253 95.0 0.0 1.0 4.0 1.0 0.0 0.0 65.0 168.0 23.0 4.0 
28 23.0 3.0 6.0 2.0 225.0 26.0 9.0 28.0 343.253 95.0 0.0 1.0 1.0 0.0 0.0 2.0 69.0 169.0 24.0 1.0 
7 14.0 3.0 2.0 2.0 279.0 5.0 14.0 39.0 343.253 95.0 0.0 1.0 2.0 1.0 1.0 0.0 68.0 168.0 24.0 8.0 
3 13.0 3.0 3.0 2.0 179.0 51.0 18.0 38.0 343.253 95.0 0.0 1.0 0.0 1.0 0.0 0.0 89.0 170.0 31.0 24.0 
28 23.0 3.0 4.0 2.0 225.0 26.0 9.0 28.0 343.253 95.0 0.0 1.0 1.0 0.0 0.0 2.0 69.0 169.0 24.0 2.0 
28 11.0 3.0 2.0 3.0 225.0 26.0 9.0 28.0 343.253 95.0 0.0 1.0 1.0 0.0 0.0 2.0 69.0 169.0 24.0 8.0 
22 13.0 3.0 2.0 3.0 179.0 26.0 9.0 30.0 343.253 95.0 0.0 3.0 0.0 0.0 0.0 0.0 56.0 171.0 19.0 1.0 
28 11.0 3.0 3.0 3.0 225.0 26.0 9.0 28.0 343.253 95.0 0.0 1.0 1.0 0.0 0.0 2.0 69.0 169.0 24.0 8.0 
28 11.0 3.0 4.0 3.0 225.0 26.0 9.0 28.0 343.253 95.0 0.0 1.0 1.0 0.0 0.0 2.0 69.0 169.0 24.0 16.0 
3 13.0 3.0 4.0 3.0 179.0 51.0 18.0 38.0 343.253 95.0 0.0 1.0 0.0 1.0 0.0 0.0 89.0 170.0 31.0 3.0 
7 14.0 3.0 5.0 3.0 279.0 5.0 14.0 39.0 343.253 95.0 0.0 1.0 2.0 1.0 1.0 0.0 68.0 168.0 24.0 16.0 
28 28.0 3.0 6.0 3.0 225.0 26.0 9.0 28.0 343.253 95.0 0.0 1.0 1.0 0.0 0.0 2.0 69.0 169.0 24.0 2.0 
33 14.0 3.0 6.0 3.0 248.0 25.0 14.0 47.0 343.253 95.0 0.0 1.0 2.0 0.0 0.0 1.0 86.0 165.0 32.0 3.0 
28 28.0 3.0 2.0 3.0 225.0 26.0 9.0 28.0 343.253 95.0 0.0 1.0 1.0 0.0 0.0 2.0 69.0 169.0 24.0 1.0 
15 28.0 4.0 4.0 3.0 291.0 31.0 12.0 40.0 326.452 96.0 0.0 1.0 1.0 1.0 0.0 1.0 73.0 171.0 25.0 1.0 
28 23.0 4.0 4.0 3.0 225.0 26.0 9.0 28.0 326.452 96.0 0.0 1.0 1.0 0.0 0.0 2.0 69.0 169.0 24.0 1.0 
14 28.0 4.0 3.0 3.0 155.0 12.0 14.0 34.0 326.452 96.0 0.0 1.0 2.0 1.0 0.0 0.0 95.0 196.0 25.0 1.0 
24 13.0 4.0 4.0 3.0 246.0 25.0 16.0 41.0 326.452 96.0 0.0 1.0 0.0 1.0 0.0 0.0 67.0 170.0 23.0 24.0 
14 23.0 4.0 5.0 3.0 155.0 12.0 14.0 34.0 326.452 96.0 0.0 1.0 2.0 1.0 0.0 0.0 95.0 196.0 25.0 1.0 
28 28.0 4.0 6.0 3.0 225.0 26.0 9.0 28.0 326.452 96.0 0.0 1.0 1.0 0.0 0.0 2.0 69.0 169.0 24.0 2.0 
20 28.0 4.0 6.0 3.0 260.0 50.0 11.0 36.0 326.452 96.0 0.0 1.0 4.0 1.0 0.0 0.0 65.0 168.0 23.0 4.0 
3 13.0 4.0 4.0 3.0 179.0 51.0 18.0 38.0 326.452 96.0 0.0 1.0 0.0 1.0 0.0 0.0 89.0 170.0 31.0 24.0 
36 23.0 4.0 5.0 3.0 118.0 13.0 18.0 50.0 326.452 96.0 0.0 1.0 1.0 1.0 0.0 0.0 98.0 178.0 31.0 1.0 
15 23.0 4.0 6.0 3.0 291.0 31.0 12.0 40.0 326.452 96.0 0.0 1.0 1.0 1.0 0.0 1.0 73.0 171.0 25.0 3.0 
24 14.0 4.0 6.0 3.0 246.0 25.0 16.0 41.0 326.452 96.0 0.0 1.0 0.0 1.0 0.0 0.0 67.0 170.0 23.0 8.0 
15 28.0 4.0 6.0 3.0 291.0 31.0 12.0 40.0 326.452 96.0 0.0 1.0 1.0 1.0 0.0 1.0 73.0 171.0 25.0 1.0 
33 28.0 4.0 6.0 3.0 248.0 25.0 14.0 47.0 326.452 96.0 0.0 1.0 2.0 0.0 0.0 1.0 86.0 165.0 32.0 8.0 
20 19.0 4.0 6.0 3.0 260.0 50.0 11.0 36.0 326.452 96.0 0.0 1.0 4.0 1.0 0.0 0.0 65.0 168.0 23.0 56.0 
11 19.0 4.0 3.0 3.0 289.0 36.0 13.0 33.0 326.452 96.0 0.0 1.0 2.0 1.0 0.0 1.0 90.0 172.0 30.0 8.0 
14 12.0 4.0 4.0 3.0 155.0 12.0 14.0 34.0 326.452 96.0 0.0 1.0 2.0 1.0 0.0 0.0 95.0 196.0 25.0 24.0 
23 19.0 4.0 4.0 3.0 378.0 49.0 11.0 36.0 326.452 96.0 0.0 1.0 2.0 0.0 1.0 4.0 65.0 174.0 21.0 8.0 
11 13.0 4.0 5.0 3.0 289.0 36.0 13.0 33.0 326.452 96.0 0.0 1.0 2.0 1.0 0.0 1.0 90.0 172.0 30.0 16.0 
1 7.0 4.0 6.0 3.0 235.0 11.0 14.0 37.0 326.452 96.0 0.0 3.0 1.0 0.0 0.0 1.0 88.0 172.0 29.0 3.0 
2 0.0 4.0 2.0 3.0 235.0 29.0 12.0 48.0 326.452 96.0 1.0 1.0 1.0 0.0 1.0 5.0 88.0 163.0 33.0 0.0 
11 13.0 5.0 4.0 3.0 289.0 36.0 13.0 33.0 378.884 92.0 0.0 1.0 2.0 1.0 0.0 1.0 90.0 172.0 30.0 8.0 
14 28.0 5.0 5.0 3.0 155.0 12.0 14.0 34.0 378.884 92.0 0.0 1.0 2.0 1.0 0.0 0.0 95.0 196.0 25.0 2.0 
14 28.0 5.0 2.0 3.0 155.0 12.0 14.0 34.0 378.884 92.0 0.0 1.0 2.0 1.0 0.0 0.0 95.0 196.0 25.0 1.0 
28 19.0 5.0 3.0 3.0 225.0 26.0 9.0 28.0 378.884 92.0 0.0 1.0 1.0 0.0 0.0 2.0 69.0 169.0 24.0 8.0 
27 7.0 5.0 4.0 3.0 184.0 42.0 7.0 27.0 378.884 92.0 0.0 1.0 0.0 0.0 0.0 0.0 58.0 167.0 21.0 4.0 
14 28.0 5.0 2.0 3.0 155.0 12.0 14.0 34.0 378.884 92.0 0.0 1.0 2.0 1.0 0.0 0.0 95.0 196.0 25.0 2.0 
11 13.0 5.0 4.0 3.0 289.0 36.0 13.0 33.0 378.884 92.0 0.0 1.0 2.0 1.0 0.0 1.0 90.0 172.0 30.0 24.0 
7 0.0 5.0 4.0 3.0 279.0 5.0 14.0 39.0 378.884 92.0 1.0 1.0 2.0 1.0 1.0 0.0 68.0 168.0 24.0 0.0 
18 0.0 5.0 4.0 3.0 330.0 16.0 4.0 28.0 378.884 92.0 1.0 2.0 0.0 0.0 0.0 0.0 84.0 182.0 25.0 0.0 
23 0.0 5.0 4.0 3.0 378.0 49.0 11.0 36.0 378.884 92.0 1.0 1.0 2.0 0.0 1.0 4.0 65.0 174.0 21.0 0.0 
31 0.0 5.0 4.0 3.0 388.0 15.0 9.0 50.0 378.884 92.0 1.0 1.0 0.0 0.0 0.0 0.0 76.0 178.0 24.0 0.0 
36 13.0 5.0 4.0 3.0 118.0 13.0 18.0 50.0 378.884 92.0 0.0 1.0 1.0 1.0 0.0 0.0 98.0 178.0 31.0 24.0 
10 22.0 5.0 6.0 3.0 361.0 52.0 3.0 28.0 378.884 92.0 0.0 1.0 1.0 1.0 0.0 4.0 80.0 172.0 27.0 8.0 
24 19.0 6.0 2.0 3.0 246.0 25.0 16.0 41.0 377.55 94.0 0.0 1.0 0.0 1.0 0.0 0.0 67.0 170.0 23.0 8.0 
10 22.0 6.0 2.0 3.0 361.0 52.0 3.0 28.0 377.55 94.0 0.0 1.0 1.0 1.0 0.0 4.0 80.0 172.0 27.0 8.0 
24 10.0 6.0 3.0 3.0 246.0 25.0 16.0 41.0 377.55 94.0 0.0 1.0 0.0 1.0 0.0 0.0 67.0 170.0 23.0 24.0 
15 23.0 6.0 5.0 3.0 291.0 31.0 12.0 40.0 377.55 94.0 0.0 1.0 1.0 1.0 0.0 1.0 73.0 171.0 25.0 4.0 
24 10.0 6.0 6.0 3.0 246.0 25.0 16.0 41.0 377.55 94.0 0.0 1.0 0.0 1.0 0.0 0.0 67.0 170.0 23.0 8.0 
14 23.0 6.0 2.0 3.0 155.0 12.0 14.0 34.0 377.55 94.0 0.0 1.0 2.0 1.0 0.0 0.0 95.0 196.0 25.0 4.0 
24 10.0 6.0 2.0 3.0 246.0 25.0 16.0 41.0 377.55 94.0 0.0 1.0 0.0 1.0 0.0 0.0 67.0 170.0 23.0 8.0 
36 13.0 6.0 4.0 3.0 118.0 13.0 18.0 50.0 377.55 94.0 0.0 1.0 1.0 1.0 0.0 0.0 98.0 178.0 31.0 8.0 
1 13.0 6.0 6.0 3.0 235.0 11.0 14.0 37.0 377.55 94.0 0.0 3.0 1.0 0.0 0.0 1.0 88.0 172.0 29.0 16.0 
36 23.0 6.0 3.0 3.0 118.0 13.0 18.0 50.0 377.55 94.0 0.0 1.0 1.0 1.0 0.0 0.0 98.0 178.0 31.0 1.0 
36 13.0 6.0 4.0 3.0 118.0 13.0 18.0 50.0 377.55 94.0 0.0 1.0 1.0 1.0 0.0 0.0 98.0 178.0 31.0 80.0 
23 22.0 6.0 5.0 3.0 378.0 49.0 11.0 36.0 377.55 94.0 0.0 1.0 2.0 0.0 1.0 4.0 65.0 174.0 21.0 8.0 
32 28.0 6.0 2.0 1.0 289.0 48.0 29.0 49.0 377.55 94.0 0.0 1.0 0.0 0.0 0.0 2.0 108.0 172.0 36.0 2.0 
28 28.0 6.0 5.0 1.0 225.0 26.0 9.0 28.0 377.55 94.0 0.0 1.0 1.0 0.0 0.0 2.0 69.0 169.0 24.0 2.0 
14 19.0 7.0 3.0 1.0 155.0 12.0 14.0 34.0 275.312 98.0 0.0 1.0 2.0 1.0 0.0 0.0 95.0 196.0 25.0 16.0 
36 1.0 7.0 4.0 1.0 118.0 13.0 18.0 50.0 275.312 98.0 0.0 1.0 1.0 1.0 0.0 0.0 98.0 178.0 31.0 8.0 
34 26.0 7.0 6.0 1.0 118.0 10.0 10.0 37.0 275.312 98.0 0.0 1.0 0.0 0.0 0.0 0.0 83.0 172.0 28.0 4.0 
18 26.0 7.0 3.0 1.0 330.0 16.0 4.0 28.0 275.312 98.0 0.0 2.0 0.0 0.0 0.0 0.0 84.0 182.0 25.0 8.0 
22 18.0 7.0 5.0 1.0 179.0 26.0 9.0 30.0 275.312 98.0 0.0 3.0 0.0 0.0 0.0 0.0 56.0 171.0 19.0 8.0 
14 25.0 7.0 6.0 1.0 155.0 12.0 14.0 34.0 275.312 98.0 0.0 1.0 2.0 1.0 0.0 0.0 95.0 196.0 25.0 2.0 
18 1.0 7.0 2.0 1.0 330.0 16.0 4.0 28.0 275.312 98.0 0.0 2.0 0.0 0.0 0.0 0.0 84.0 182.0 25.0 8.0 
18 1.0 7.0 3.0 1.0 330.0 16.0 4.0 28.0 275.312 98.0 0.0 2.0 0.0 0.0 0.0 0.0 84.0 182.0 25.0 8.0 
30 25.0 7.0 2.0 1.0 157.0 27.0 6.0 29.0 275.312 98.0 0.0 1.0 0.0 1.0 1.0 0.0 75.0 185.0 22.0 3.0 
11 26.0 7.0 4.0 1.0 289.0 36.0 13.0 33.0 275.312 98.0 0.0 1.0 2.0 1.0 0.0 1.0 90.0 172.0 30.0 8.0 
3 26.0 7.0 5.0 1.0 179.0 51.0 18.0 38.0 275.312 98.0 0.0 1.0 0.0 1.0 0.0 0.0 89.0 170.0 31.0 8.0 
11 19.0 7.0 2.0 1.0 289.0 36.0 13.0 33.0 275.312 98.0 0.0 1.0 2.0 1.0 0.0 1.0 90.0 172.0 30.0 32.0 
11 19.0 7.0 5.0 1.0 289.0 36.0 13.0 33.0 275.312 98.0 0.0 1.0 2.0 1.0 0.0 1.0 90.0 172.0 30.0 8.0 
20 0.0 7.0 5.0 1.0 260.0 50.0 11.0 36.0 275.312 98.0 1.0 1.0 4.0 1.0 0.0 0.0 65.0 168.0 23.0 0.0 
30 19.0 8.0 6.0 1.0 157.0 27.0 6.0 29.0 265.615 94.0 0.0 1.0 0.0 1.0 1.0 0.0 75.0 185.0 22.0 3.0 
9 18.0 8.0 3.0 1.0 228.0 14.0 16.0 58.0 265.615 94.0 0.0 1.0 2.0 0.0 0.0 1.0 65.0 172.0 22.0 8.0 
26 13.0 8.0 5.0 1.0 300.0 26.0 13.0 43.0 265.615 94.0 0.0 1.0 2.0 1.0 1.0 1.0 77.0 175.0 25.0 1.0 
26 14.0 8.0 5.0 1.0 300.0 26.0 13.0 43.0 265.615 94.0 0.0 1.0 2.0 1.0 1.0 1.0 77.0 175.0 25.0 2.0 
21 11.0 8.0 5.0 1.0 268.0 11.0 8.0 33.0 265.615 94.0 0.0 2.0 0.0 0.0 0.0 0.0 79.0 178.0 25.0 8.0 
22 23.0 8.0 5.0 1.0 179.0 26.0 9.0 30.0 265.615 94.0 0.0 3.0 0.0 0.0 0.0 0.0 56.0 171.0 19.0 1.0 
36 13.0 8.0 5.0 1.0 118.0 13.0 18.0 50.0 265.615 94.0 0.0 1.0 1.0 1.0 0.0 0.0 98.0 178.0 31.0 3.0 
1 23.0 8.0 3.0 1.0 235.0 11.0 14.0 37.0 265.615 94.0 0.0 3.0 1.0 0.0 0.0 1.0 88.0 172.0 29.0 1.0 
1 19.0 8.0 5.0 1.0 235.0 11.0 14.0 37.0 265.615 94.0 0.0 3.0 1.0 0.0 0.0 1.0 88.0 172.0 29.0 8.0 
10 8.0 8.0 3.0 1.0 361.0 52.0 3.0 28.0 265.615 94.0 0.0 1.0 1.0 1.0 0.0 4.0 80.0 172.0 27.0 8.0 
27 6.0 8.0 4.0 1.0 184.0 42.0 7.0 27.0 265.615 94.0 0.0 1.0 0.0 0.0 0.0 0.0 58.0 167.0 21.0 8.0 
3 11.0 9.0 2.0 1.0 179.0 51.0 18.0 38.0 294.217 81.0 0.0 1.0 0.0 1.0 0.0 0.0 89.0 170.0 31.0 8.0 
3 23.0 9.0 6.0 1.0 179.0 51.0 18.0 38.0 294.217 81.0 0.0 1.0 0.0 1.0 0.0 0.0 89.0 170.0 31.0 3.0 
11 19.0 9.0 4.0 1.0 289.0 36.0 13.0 33.0 294.217 81.0 0.0 1.0 2.0 1.0 0.0 1.0 90.0 172.0 30.0 24.0 
5 0.0 9.0 5.0 1.0 235.0 20.0 13.0 43.0 294.217 81.0 1.0 1.0 1.0 1.0 0.0 0.0 106.0 167.0 38.0 0.0 
24 9.0 9.0 2.0 1.0 246.0 25.0 16.0 41.0 294.217 81.0 0.0 1.0 0.0 1.0 0.0 0.0 67.0 170.0 23.0 16.0 
15 28.0 9.0 3.0 1.0 291.0 31.0 12.0 40.0 294.217 81.0 0.0 1.0 1.0 1.0 0.0 1.0 73.0 171.0 25.0 3.0 
8 0.0 9.0 3.0 1.0 231.0 35.0 14.0 39.0 294.217 81.0 1.0 1.0 2.0 1.0 0.0 2.0 100.0 170.0 35.0 0.0 
19 0.0 9.0 3.0 1.0 291.0 50.0 12.0 32.0 294.217 81.0 1.0 1.0 0.0 1.0 0.0 0.0 65.0 169.0 23.0 0.0 
3 13.0 9.0 4.0 1.0 179.0 51.0 18.0 38.0 294.217 81.0 0.0 1.0 0.0 1.0 0.0 0.0 89.0 170.0 31.0 8.0 
24 9.0 9.0 4.0 1.0 246.0 25.0 16.0 41.0 294.217 81.0 0.0 1.0 0.0 1.0 0.0 0.0 67.0 170.0 23.0 32.0 
3 23.0 9.0 5.0 1.0 179.0 51.0 18.0 38.0 294.217 81.0 0.0 1.0 0.0 1.0 0.0 0.0 89.0 170.0 31.0 1.0 
15 28.0 9.0 6.0 1.0 291.0 31.0 12.0 40.0 294.217 81.0 0.0 1.0 1.0 1.0 0.0 1.0 73.0 171.0 25.0 4.0 
20 28.0 9.0 6.0 1.0 260.0 50.0 11.0 36.0 294.217 81.0 0.0 1.0 4.0 1.0 0.0 0.0 65.0 168.0 23.0 4.0 
5 26.0 9.0 4.0 4.0 235.0 20.0 13.0 43.0 294.217 81.0 0.0 1.0 1.0 1.0 0.0 0.0 106.0 167.0 38.0 8.0 
36 28.0 9.0 5.0 4.0 118.0 13.0 18.0 50.0 294.217 81.0 0.0 1.0 1.0 1.0 0.0 0.0 98.0 178.0 31.0 1.0 
5 0.0 9.0 5.0 4.0 235.0 20.0 13.0 43.0 294.217 81.0 1.0 1.0 1.0 1.0 0.0 0.0 106.0 167.0 38.0 0.0 
15 28.0 9.0 6.0 4.0 291.0 31.0 12.0 40.0 294.217 81.0 0.0 1.0 1.0 1.0 0.0 1.0 73.0 171.0 25.0 3.0 
15 7.0 9.0 2.0 4.0 291.0 31.0 12.0 40.0 294.217 81.0 0.0 1.0 1.0 1.0 0.0 1.0 73.0 171.0 25.0 40.0 
3 13.0 9.0 2.0 4.0 179.0 51.0 18.0 38.0 294.217 81.0 0.0 1.0 0.0 1.0 0.0 0.0 89.0 170.0 31.0 8.0 
1 26.0 10.0 2.0 4.0 235.0 11.0 14.0 37.0 265.017 88.0 0.0 3.0 1.0 0.0 0.0 1.0 88.0 172.0 29.0 4.0 
36 0.0 10.0 6.0 4.0 118.0 13.0 18.0 50.0 265.017 88.0 1.0 1.0 1.0 1.0 0.0 0.0 98.0 178.0 31.0 0.0 
33 0.0 10.0 6.0 4.0 248.0 25.0 14.0 47.0 265.017 88.0 1.0 1.0 2.0 0.0 0.0 1.0 86.0 165.0 32.0 0.0 
22 1.0 10.0 2.0 4.0 179.0 26.0 9.0 30.0 265.017 88.0 0.0 3.0 0.0 0.0 0.0 0.0 56.0 171.0 19.0 8.0 
13 22.0 10.0 2.0 4.0 369.0 17.0 12.0 31.0 265.017 88.0 0.0 1.0 3.0 1.0 0.0 0.0 70.0 169.0 25.0 8.0 
22 1.0 10.0 4.0 4.0 179.0 26.0 9.0 30.0 265.017 88.0 0.0 3.0 0.0 0.0 0.0 0.0 56.0 171.0 19.0 64.0 
5 0.0 10.0 4.0 4.0 235.0 20.0 13.0 43.0 265.017 88.0 1.0 1.0 1.0 1.0 0.0 0.0 106.0 167.0 38.0 0.0 
5 0.0 10.0 6.0 4.0 235.0 20.0 13.0 43.0 265.017 88.0 1.0 1.0 1.0 1.0 0.0 0.0 106.0 167.0 38.0 0.0 
5 23.0 10.0 2.0 4.0 235.0 20.0 13.0 43.0 265.017 88.0 0.0 1.0 1.0 1.0 0.0 0.0 106.0 167.0 38.0 2.0 
5 23.0 10.0 2.0 4.0 235.0 20.0 13.0 43.0 265.017 88.0 0.0 1.0 1.0 1.0 0.0 0.0 106.0 167.0 38.0 2.0 
15 28.0 10.0 3.0 4.0 291.0 31.0 12.0 40.0 265.017 88.0 0.0 1.0 1.0 1.0 0.0 1.0 73.0 171.0 25.0 4.0 
22 23.0 10.0 5.0 4.0 179.0 26.0 9.0 30.0 265.017 88.0 0.0 3.0 0.0 0.0 0.0 0.0 56.0 171.0 19.0 16.0 
10 10.0 10.0 2.0 4.0 361.0 52.0 3.0 28.0 265.017 88.0 0.0 1.0 1.0 1.0 0.0 4.0 80.0 172.0 27.0 8.0 
20 0.0 10.0 3.0 4.0 260.0 50.0 11.0 36.0 265.017 88.0 1.0 1.0 4.0 1.0 0.0 0.0 65.0 168.0 23.0 0.0 
15 0.0 10.0 3.0 4.0 291.0 31.0 12.0 40.0 265.017 88.0 1.0 1.0 1.0 1.0 0.0 1.0 73.0 171.0 25.0 0.0 
30 0.0 10.0 3.0 4.0 157.0 27.0 6.0 29.0 265.017 88.0 1.0 1.0 0.0 1.0 1.0 0.0 75.0 185.0 22.0 0.0 
22 1.0 10.0 4.0 4.0 179.0 26.0 9.0 30.0 265.017 88.0 0.0 3.0 0.0 0.0 0.0 0.0 56.0 171.0 19.0 5.0 
22 7.0 10.0 4.0 4.0 179.0 26.0 9.0 30.0 265.017 88.0 0.0 3.0 0.0 0.0 0.0 0.0 56.0 171.0 19.0 5.0 
34 11.0 11.0 2.0 4.0 118.0 10.0 10.0 37.0 284.031 97.0 0.0 1.0 0.0 0.0 0.0 0.0 83.0 172.0 28.0 8.0 
33 23.0 11.0 2.0 4.0 248.0 25.0 14.0 47.0 284.031 97.0 0.0 1.0 2.0 0.0 0.0 1.0 86.0 165.0 32.0 2.0 
3 6.0 11.0 3.0 4.0 179.0 51.0 18.0 38.0 284.031 97.0 0.0 1.0 0.0 1.0 0.0 0.0 89.0 170.0 31.0 8.0 
20 28.0 11.0 6.0 4.0 260.0 50.0 11.0 36.0 284.031 97.0 0.0 1.0 4.0 1.0 0.0 0.0 65.0 168.0 23.0 3.0 
23 1.0 11.0 2.0 4.0 378.0 49.0 11.0 36.0 284.031 97.0 0.0 1.0 2.0 0.0 1.0 4.0 65.0 174.0 21.0 8.0 
14 11.0 11.0 2.0 4.0 155.0 12.0 14.0 34.0 284.031 97.0 0.0 1.0 2.0 1.0 0.0 0.0 95.0 196.0 25.0 120.0 
5 26.0 11.0 2.0 4.0 235.0 20.0 13.0 43.0 284.031 97.0 0.0 1.0 1.0 1.0 0.0 0.0 106.0 167.0 38.0 8.0 
18 0.0 11.0 3.0 4.0 330.0 16.0 4.0 28.0 284.031 97.0 1.0 2.0 0.0 0.0 0.0 0.0 84.0 182.0 25.0 0.0 
1 18.0 11.0 4.0 4.0 235.0 11.0 14.0 37.0 284.031 97.0 0.0 3.0 1.0 0.0 0.0 1.0 88.0 172.0 29.0 1.0 
34 11.0 11.0 4.0 4.0 118.0 10.0 10.0 37.0 284.031 97.0 0.0 1.0 0.0 0.0 0.0 0.0 83.0 172.0 28.0 3.0 
1 25.0 11.0 5.0 4.0 235.0 11.0 14.0 37.0 284.031 97.0 0.0 3.0 1.0 0.0 0.0 1.0 88.0 172.0 29.0 2.0 
3 28.0 11.0 5.0 4.0 179.0 51.0 18.0 38.0 284.031 97.0 0.0 1.0 0.0 1.0 0.0 0.0 89.0 170.0 31.0 3.0 
24 13.0 11.0 6.0 4.0 246.0 25.0 16.0 41.0 284.031 97.0 0.0 1.0 0.0 1.0 0.0 0.0 67.0 170.0 23.0 8.0 
15 12.0 11.0 6.0 4.0 291.0 31.0 12.0 40.0 284.031 97.0 0.0 1.0 1.0 1.0 0.0 1.0 73.0 171.0 25.0 4.0 
24 13.0 11.0 2.0 4.0 246.0 25.0 16.0 41.0 284.031 97.0 0.0 1.0 0.0 1.0 0.0 0.0 67.0 170.0 23.0 8.0 
3 28.0 11.0 3.0 4.0 179.0 51.0 18.0 38.0 284.031 97.0 0.0 1.0 0.0 1.0 0.0 0.0 89.0 170.0 31.0 1.0 
20 10.0 11.0 4.0 4.0 260.0 50.0 11.0 36.0 284.031 97.0 0.0 1.0 4.0 1.0 0.0 0.0 65.0 168.0 23.0 8.0 
20 15.0 11.0 6.0 4.0 260.0 50.0 11.0 36.0 284.031 97.0 0.0 1.0 4.0 1.0 0.0 0.0 65.0 168.0 23.0 8.0 
23 0.0 11.0 6.0 4.0 378.0 49.0 11.0 36.0 284.031 97.0 1.0 1.0 2.0 0.0 1.0 4.0 65.0 174.0 21.0 0.0 
7 0.0 11.0 3.0 4.0 279.0 5.0 14.0 39.0 284.031 97.0 1.0 1.0 2.0 1.0 1.0 0.0 68.0 168.0 24.0 0.0 
3 23.0 11.0 5.0 4.0 179.0 51.0 18.0 38.0 284.031 97.0 0.0 1.0 0.0 1.0 0.0 0.0 89.0 170.0 31.0 1.0 
36 28.0 12.0 3.0 4.0 118.0 13.0 18.0 50.0 236.629 93.0 0.0 1.0 1.0 1.0 0.0 0.0 98.0 178.0 31.0 1.0 
24 4.0 12.0 5.0 4.0 246.0 25.0 16.0 41.0 236.629 93.0 0.0 1.0 0.0 1.0 0.0 0.0 67.0 170.0 23.0 8.0 
22 23.0 12.0 3.0 4.0 179.0 26.0 9.0 30.0 236.629 93.0 0.0 3.0 0.0 0.0 0.0 0.0 56.0 171.0 19.0 1.0 
1 25.0 12.0 5.0 4.0 235.0 11.0 14.0 37.0 236.629 93.0 0.0 3.0 1.0 0.0 0.0 1.0 88.0 172.0 29.0 2.0 
5 13.0 12.0 3.0 2.0 235.0 20.0 13.0 43.0 236.629 93.0 0.0 1.0 1.0 1.0 0.0 0.0 106.0 167.0 38.0 8.0 
1 14.0 12.0 3.0 2.0 235.0 11.0 14.0 37.0 236.629 93.0 0.0 3.0 1.0 0.0 0.0 1.0 88.0 172.0 29.0 4.0 
30 28.0 12.0 2.0 2.0 157.0 27.0 6.0 29.0 236.629 93.0 0.0 1.0 0.0 1.0 1.0 0.0 75.0 185.0 22.0 2.0 
11 19.0 12.0 2.0 2.0 289.0 36.0 13.0 33.0 236.629 93.0 0.0 1.0 2.0 1.0 0.0 1.0 90.0 172.0 30.0 8.0 
28 23.0 1.0 4.0 2.0 225.0 26.0 9.0 28.0 330.061 100.0 0.0 1.0 1.0 0.0 0.0 2.0 69.0 169.0 24.0 5.0 
34 19.0 1.0 2.0 2.0 118.0 10.0 10.0 37.0 330.061 100.0 0.0 1.0 0.0 0.0 0.0 0.0 83.0 172.0 28.0 32.0 
14 23.0 1.0 2.0 2.0 155.0 12.0 14.0 34.0 330.061 100.0 0.0 1.0 2.0 1.0 0.0 0.0 95.0 196.0 25.0 2.0 
1 13.0 1.0 3.0 2.0 235.0 11.0 14.0 37.0 330.061 100.0 0.0 3.0 1.0 0.0 0.0 1.0 88.0 172.0 29.0 1.0 
14 23.0 1.0 3.0 2.0 155.0 12.0 14.0 34.0 330.061 100.0 0.0 1.0 2.0 1.0 0.0 0.0 95.0 196.0 25.0 4.0 
11 26.0 1.0 2.0 2.0 289.0 36.0 13.0 33.0 330.061 100.0 0.0 1.0 2.0 1.0 0.0 1.0 90.0 172.0 30.0 8.0 
15 3.0 1.0 4.0 2.0 291.0 31.0 12.0 40.0 330.061 100.0 0.0 1.0 1.0 1.0 0.0 1.0 73.0 171.0 25.0 8.0 
5 26.0 1.0 2.0 2.0 235.0 20.0 13.0 43.0 330.061 100.0 0.0 1.0 1.0 1.0 0.0 0.0 106.0 167.0 38.0 8.0 
36 26.0 1.0 2.0 2.0 118.0 13.0 18.0 50.0 330.061 100.0 0.0 1.0 1.0 1.0 0.0 0.0 98.0 178.0 31.0 4.0 
3 28.0 1.0 4.0 2.0 179.0 51.0 18.0 38.0 330.061 100.0 0.0 1.0 0.0 1.0 0.0 0.0 89.0 170.0 31.0 1.0 
3 28.0 1.0 6.0 2.0 179.0 51.0 18.0 38.0 330.061 100.0 0.0 1.0 0.0 1.0 0.0 0.0 89.0 170.0 31.0 1.0 
28 7.0 2.0 4.0 2.0 225.0 26.0 9.0 28.0 251.818 96.0 0.0 1.0 1.0 0.0 0.0 2.0 69.0 169.0 24.0 1.0 
11 22.0 2.0 6.0 2.0 289.0 36.0 13.0 33.0 251.818 96.0 0.0 1.0 2.0 1.0 0.0 1.0 90.0 172.0 30.0 3.0 
3 10.0 2.0 5.0 2.0 179.0 51.0 18.0 38.0 251.818 96.0 0.0 1.0 0.0 1.0 0.0 0.0 89.0 170.0 31.0 8.0 
6 22.0 2.0 2.0 2.0 189.0 29.0 13.0 33.0 251.818 96.0 0.0 1.0 2.0 0.0 0.0 2.0 69.0 167.0 25.0 8.0 
30 11.0 2.0 4.0 2.0 157.0 27.0 6.0 29.0 251.818 96.0 0.0 1.0 0.0 1.0 1.0 0.0 75.0 185.0 22.0 16.0 
24 10.0 2.0 6.0 2.0 246.0 25.0 16.0 41.0 251.818 96.0 0.0 1.0 0.0 1.0 0.0 0.0 67.0 170.0 23.0 24.0 
34 18.0 3.0 3.0 2.0 118.0 10.0 10.0 37.0 244.387 98.0 0.0 1.0 0.0 0.0 0.0 0.0 83.0 172.0 28.0 8.0 
24 19.0 3.0 4.0 2.0 246.0 25.0 16.0 41.0 244.387 98.0 0.0 1.0 0.0 1.0 0.0 0.0 67.0 170.0 23.0 16.0 
17 22.0 3.0 3.0 2.0 179.0 22.0 17.0 40.0 244.387 98.0 0.0 2.0 2.0 0.0 1.0 0.0 63.0 170.0 22.0 8.0 
23 22.0 3.0 3.0 2.0 378.0 49.0 11.0 36.0 244.387 98.0 0.0 1.0 2.0 0.0 1.0 4.0 65.0 174.0 21.0 8.0 
13 0.0 3.0 4.0 2.0 369.0 17.0 12.0 31.0 244.387 98.0 1.0 1.0 3.0 1.0 0.0 0.0 70.0 169.0 25.0 0.0 
36 13.0 3.0 4.0 3.0 118.0 13.0 18.0 50.0 244.387 98.0 0.0 1.0 1.0 1.0 0.0 0.0 98.0 178.0 31.0 8.0 
1 0.0 3.0 5.0 3.0 235.0 11.0 14.0 37.0 244.387 98.0 1.0 3.0 1.0 0.0 0.0 1.0 88.0 172.0 29.0 0.0 
24 0.0 3.0 5.0 3.0 246.0 25.0 16.0 41.0 244.387 98.0 1.0 1.0 0.0 1.0 0.0 0.0 67.0 170.0 23.0 0.0 
11 22.0 3.0 6.0 3.0 289.0 36.0 13.0 33.0 244.387 98.0 0.0 1.0 2.0 1.0 0.0 1.0 90.0 172.0 30.0 8.0 
18 26.0 4.0 6.0 3.0 330.0 16.0 4.0 28.0 239.409 98.0 0.0 2.0 0.0 0.0 0.0 0.0 84.0 182.0 25.0 4.0 
13 22.0 4.0 2.0 3.0 369.0 17.0 12.0 31.0 239.409 98.0 0.0 1.0 3.0 1.0 0.0 0.0 70.0 169.0 25.0 4.0 
33 26.0 4.0 2.0 3.0 248.0 25.0 14.0 47.0 239.409 98.0 0.0 1.0 2.0 0.0 0.0 1.0 86.0 165.0 32.0 4.0 
18 23.0 4.0 4.0 3.0 330.0 16.0 4.0 28.0 239.409 98.0 0.0 2.0 0.0 0.0 0.0 0.0 84.0 182.0 25.0 8.0 
36 13.0 4.0 4.0 3.0 118.0 13.0 18.0 50.0 239.409 98.0 0.0 1.0 1.0 1.0 0.0 0.0 98.0 178.0 31.0 120.0 
26 28.0 4.0 6.0 3.0 300.0 26.0 13.0 43.0 239.409 98.0 0.0 1.0 2.0 1.0 1.0 1.0 77.0 175.0 25.0 8.0 
34 11.0 4.0 4.0 3.0 118.0 10.0 10.0 37.0 239.409 98.0 0.0 1.0 0.0 0.0 0.0 0.0 83.0 172.0 28.0 2.0 
5 13.0 5.0 2.0 3.0 235.0 20.0 13.0 43.0 246.074 99.0 0.0 1.0 1.0 1.0 0.0 0.0 106.0 167.0 38.0 16.0 
33 23.0 5.0 4.0 3.0 248.0 25.0 14.0 47.0 246.074 99.0 0.0 1.0 2.0 0.0 0.0 1.0 86.0 165.0 32.0 2.0 
13 10.0 5.0 2.0 3.0 369.0 17.0 12.0 31.0 246.074 99.0 0.0 1.0 3.0 1.0 0.0 0.0 70.0 169.0 25.0 8.0 
17 11.0 5.0 2.0 3.0 179.0 22.0 17.0 40.0 246.074 99.0 0.0 2.0 2.0 0.0 1.0 0.0 63.0 170.0 22.0 2.0 
17 8.0 5.0 2.0 3.0 179.0 22.0 17.0 40.0 246.074 99.0 0.0 2.0 2.0 0.0 1.0 0.0 63.0 170.0 22.0 3.0 
9 18.0 5.0 4.0 3.0 228.0 14.0 16.0 58.0 246.074 99.0 0.0 1.0 2.0 0.0 0.0 1.0 65.0 172.0 22.0 8.0 
18 13.0 5.0 6.0 3.0 330.0 16.0 4.0 28.0 246.074 99.0 0.0 2.0 0.0 0.0 0.0 0.0 84.0 182.0 25.0 8.0 
1 1.0 5.0 2.0 3.0 235.0 11.0 14.0 37.0 246.074 99.0 0.0 3.0 1.0 0.0 0.0 1.0 88.0 172.0 29.0 8.0 
3 0.0 6.0 6.0 3.0 179.0 51.0 18.0 38.0 253.957 95.0 1.0 1.0 0.0 1.0 0.0 0.0 89.0 170.0 31.0 0.0 
15 13.0 6.0 2.0 3.0 291.0 31.0 12.0 40.0 253.957 95.0 0.0 1.0 1.0 1.0 0.0 1.0 73.0 171.0 25.0 40.0 
3 28.0 6.0 2.0 3.0 179.0 51.0 18.0 38.0 253.957 95.0 0.0 1.0 0.0 1.0 0.0 0.0 89.0 170.0 31.0 24.0 
5 26.0 6.0 3.0 3.0 235.0 20.0 13.0 43.0 253.957 95.0 0.0 1.0 1.0 1.0 0.0 0.0 106.0 167.0 38.0 8.0 
36 23.0 6.0 4.0 1.0 118.0 13.0 18.0 50.0 253.957 95.0 0.0 1.0 1.0 1.0 0.0 0.0 98.0 178.0 31.0 2.0 
3 5.0 6.0 4.0 1.0 179.0 51.0 18.0 38.0 253.957 95.0 0.0 1.0 0.0 1.0 0.0 0.0 89.0 170.0 31.0 8.0 
18 11.0 6.0 3.0 1.0 330.0 16.0 4.0 28.0 253.957 95.0 0.0 2.0 0.0 0.0 0.0 0.0 84.0 182.0 25.0 1.0 
1 13.0 6.0 3.0 1.0 235.0 11.0 14.0 37.0 253.957 95.0 0.0 3.0 1.0 0.0 0.0 1.0 88.0 172.0 29.0 8.0 
22 23.0 7.0 5.0 1.0 179.0 26.0 9.0 30.0 230.29 92.0 0.0 3.0 0.0 0.0 0.0 0.0 56.0 171.0 19.0 2.0 
28 25.0 7.0 5.0 1.0 225.0 26.0 9.0 28.0 230.29 92.0 0.0 1.0 1.0 0.0 0.0 2.0 69.0 169.0 24.0 4.0 
20 13.0 7.0 6.0 1.0 260.0 50.0 11.0 36.0 230.29 92.0 0.0 1.0 4.0 1.0 0.0 0.0 65.0 168.0 23.0 8.0 
21 7.0 7.0 2.0 1.0 268.0 11.0 8.0 33.0 230.29 92.0 0.0 2.0 0.0 0.0 0.0 0.0 79.0 178.0 25.0 8.0 
18 25.0 7.0 6.0 1.0 330.0 16.0 4.0 28.0 230.29 92.0 0.0 2.0 0.0 0.0 0.0 0.0 84.0 182.0 25.0 8.0 
26 15.0 7.0 2.0 1.0 300.0 26.0 13.0 43.0 230.29 92.0 0.0 1.0 2.0 1.0 1.0 1.0 77.0 175.0 25.0 8.0 
2 23.0 7.0 2.0 1.0 235.0 29.0 12.0 48.0 230.29 92.0 0.0 1.0 1.0 0.0 1.0 5.0 88.0 163.0 33.0 1.0 
24 28.0 7.0 3.0 1.0 246.0 25.0 16.0 41.0 230.29 92.0 0.0 1.0 0.0 1.0 0.0 0.0 67.0 170.0 23.0 2.0 
28 9.0 7.0 3.0 1.0 225.0 26.0 9.0 28.0 230.29 92.0 0.0 1.0 1.0 0.0 0.0 2.0 69.0 169.0 24.0 112.0 
36 23.0 7.0 6.0 1.0 118.0 13.0 18.0 50.0 230.29 92.0 0.0 1.0 1.0 1.0 0.0 0.0 98.0 178.0 31.0 1.0 
10 22.0 7.0 6.0 1.0 361.0 52.0 3.0 28.0 230.29 92.0 0.0 1.0 1.0 1.0 0.0 4.0 80.0 172.0 27.0 8.0 
11 22.0 7.0 2.0 1.0 289.0 36.0 13.0 33.0 230.29 92.0 0.0 1.0 2.0 1.0 0.0 1.0 90.0 172.0 30.0 8.0 
5 26.0 7.0 2.0 1.0 235.0 20.0 13.0 43.0 230.29 92.0 0.0 1.0 1.0 1.0 0.0 0.0 106.0 167.0 38.0 8.0 
24 28.0 7.0 3.0 1.0 246.0 25.0 16.0 41.0 230.29 92.0 0.0 1.0 0.0 1.0 0.0 0.0 67.0 170.0 23.0 2.0 
15 28.0 7.0 5.0 1.0 291.0 31.0 12.0 40.0 230.29 92.0 0.0 1.0 1.0 1.0 0.0 1.0 73.0 171.0 25.0 1.0 
7 23.0 7.0 5.0 1.0 279.0 5.0 14.0 39.0 230.29 92.0 0.0 1.0 2.0 1.0 1.0 0.0 68.0 168.0 24.0 2.0 
17 25.0 8.0 2.0 1.0 179.0 22.0 17.0 40.0 249.797 93.0 0.0 2.0 2.0 0.0 1.0 0.0 63.0 170.0 22.0 1.0 
11 26.0 8.0 3.0 1.0 289.0 36.0 13.0 33.0 249.797 93.0 0.0 1.0 2.0 1.0 0.0 1.0 90.0 172.0 30.0 8.0 
5 26.0 8.0 3.0 1.0 235.0 20.0 13.0 43.0 249.797 93.0 0.0 1.0 1.0 1.0 0.0 0.0 106.0 167.0 38.0 8.0 
17 25.0 8.0 3.0 1.0 179.0 22.0 17.0 40.0 249.797 93.0 0.0 2.0 2.0 0.0 1.0 0.0 63.0 170.0 22.0 8.0 
18 23.0 8.0 5.0 1.0 330.0 16.0 4.0 28.0 249.797 93.0 0.0 2.0 0.0 0.0 0.0 0.0 84.0 182.0 25.0 16.0 
24 28.0 9.0 3.0 1.0 246.0 25.0 16.0 41.0 261.756 87.0 0.0 1.0 0.0 1.0 0.0 0.0 67.0 170.0 23.0 1.0 
24 28.0 9.0 3.0 1.0 246.0 25.0 16.0 41.0 261.756 87.0 0.0 1.0 0.0 1.0 0.0 0.0 67.0 170.0 23.0 1.0 
14 23.0 9.0 3.0 1.0 155.0 12.0 14.0 34.0 261.756 87.0 0.0 1.0 2.0 1.0 0.0 0.0 95.0 196.0 25.0 2.0 
15 28.0 9.0 5.0 1.0 291.0 31.0 12.0 40.0 261.756 87.0 0.0 1.0 1.0 1.0 0.0 1.0 73.0 171.0 25.0 2.0 
22 23.0 9.0 6.0 1.0 179.0 26.0 9.0 30.0 261.756 87.0 0.0 3.0 0.0 0.0 0.0 0.0 56.0 171.0 19.0 8.0 
22 23.0 9.0 2.0 1.0 179.0 26.0 9.0 30.0 261.756 87.0 0.0 3.0 0.0 0.0 0.0 0.0 56.0 171.0 19.0 2.0 
13 23.0 9.0 3.0 4.0 369.0 17.0 12.0 31.0 261.756 87.0 0.0 1.0 3.0 1.0 0.0 0.0 70.0 169.0 25.0 8.0 
32 4.0 10.0 5.0 4.0 289.0 48.0 29.0 49.0 284.853 91.0 0.0 1.0 0.0 0.0 0.0 2.0 108.0 172.0 36.0 1.0 
25 11.0 10.0 5.0 4.0 235.0 16.0 8.0 32.0 284.853 91.0 0.0 3.0 0.0 0.0 0.0 0.0 75.0 178.0 25.0 3.0 
24 26.0 10.0 6.0 4.0 246.0 25.0 16.0 41.0 284.853 91.0 0.0 1.0 0.0 1.0 0.0 0.0 67.0 170.0 23.0 8.0 
32 14.0 10.0 4.0 4.0 289.0 48.0 29.0 49.0 284.853 91.0 0.0 1.0 0.0 0.0 0.0 2.0 108.0 172.0 36.0 3.0 
34 23.0 10.0 3.0 4.0 118.0 10.0 10.0 37.0 284.853 91.0 0.0 1.0 0.0 0.0 0.0 0.0 83.0 172.0 28.0 2.0 
32 23.0 10.0 5.0 4.0 289.0 48.0 29.0 49.0 284.853 91.0 0.0 1.0 0.0 0.0 0.0 2.0 108.0 172.0 36.0 2.0 
13 23.0 10.0 3.0 4.0 369.0 17.0 12.0 31.0 284.853 91.0 0.0 1.0 3.0 1.0 0.0 0.0 70.0 169.0 25.0 8.0 
13 23.0 10.0 3.0 4.0 369.0 17.0 12.0 31.0 284.853 91.0 0.0 1.0 3.0 1.0 0.0 0.0 70.0 169.0 25.0 3.0 
13 26.0 10.0 3.0 4.0 369.0 17.0 12.0 31.0 284.853 91.0 0.0 1.0 3.0 1.0 0.0 0.0 70.0 169.0 25.0 8.0 
3 28.0 10.0 4.0 4.0 179.0 51.0 18.0 38.0 284.853 91.0 0.0 1.0 0.0 1.0 0.0 0.0 89.0 170.0 31.0 3.0 
9 1.0 10.0 4.0 4.0 228.0 14.0 16.0 58.0 284.853 91.0 0.0 1.0 2.0 0.0 0.0 1.0 65.0 172.0 22.0 1.0 
13 10.0 10.0 5.0 4.0 369.0 17.0 12.0 31.0 284.853 91.0 0.0 1.0 3.0 1.0 0.0 0.0 70.0 169.0 25.0 8.0 
28 13.0 10.0 5.0 4.0 225.0 26.0 9.0 28.0 284.853 91.0 0.0 1.0 1.0 0.0 0.0 2.0 69.0 169.0 24.0 1.0 
13 10.0 10.0 6.0 4.0 369.0 17.0 12.0 31.0 284.853 91.0 0.0 1.0 3.0 1.0 0.0 0.0 70.0 169.0 25.0 8.0 
28 10.0 10.0 6.0 4.0 225.0 26.0 9.0 28.0 284.853 91.0 0.0 1.0 1.0 0.0 0.0 2.0 69.0 169.0 24.0 3.0 
6 23.0 10.0 2.0 4.0 189.0 29.0 13.0 33.0 284.853 91.0 0.0 1.0 2.0 0.0 0.0 2.0 69.0 167.0 25.0 8.0 
25 6.0 10.0 2.0 4.0 235.0 16.0 8.0 32.0 284.853 91.0 0.0 3.0 0.0 0.0 0.0 0.0 75.0 178.0 25.0 8.0 
33 10.0 10.0 2.0 4.0 248.0 25.0 14.0 47.0 284.853 91.0 0.0 1.0 2.0 0.0 0.0 1.0 86.0 165.0 32.0 8.0 
28 0.0 10.0 2.0 4.0 225.0 26.0 9.0 28.0 284.853 91.0 1.0 1.0 1.0 0.0 0.0 2.0 69.0 169.0 24.0 0.0 
28 13.0 10.0 3.0 4.0 225.0 26.0 9.0 28.0 284.853 91.0 0.0 1.0 1.0 0.0 0.0 2.0 69.0 169.0 24.0 3.0 
18 2.0 11.0 4.0 4.0 330.0 16.0 4.0 28.0 268.519 93.0 0.0 2.0 0.0 0.0 0.0 0.0 84.0 182.0 25.0 24.0 
25 1.0 11.0 6.0 4.0 235.0 16.0 8.0 32.0 268.519 93.0 0.0 3.0 0.0 0.0 0.0 0.0 75.0 178.0 25.0 8.0 
15 28.0 11.0 4.0 4.0 291.0 31.0 12.0 40.0 268.519 93.0 0.0 1.0 1.0 1.0 0.0 1.0 73.0 171.0 25.0 2.0 
15 0.0 11.0 3.0 4.0 291.0 31.0 12.0 40.0 268.519 93.0 1.0 1.0 1.0 1.0 0.0 1.0 73.0 171.0 25.0 0.0 
11 0.0 11.0 4.0 4.0 289.0 36.0 13.0 33.0 268.519 93.0 1.0 1.0 2.0 1.0 0.0 1.0 90.0 172.0 30.0 0.0 
33 14.0 11.0 5.0 4.0 248.0 25.0 14.0 47.0 268.519 93.0 0.0 1.0 2.0 0.0 0.0 1.0 86.0 165.0 32.0 4.0 
5 0.0 11.0 5.0 4.0 235.0 20.0 13.0 43.0 268.519 93.0 1.0 1.0 1.0 1.0 0.0 0.0 106.0 167.0 38.0 0.0 
13 26.0 11.0 6.0 4.0 369.0 17.0 12.0 31.0 268.519 93.0 0.0 1.0 3.0 1.0 0.0 0.0 70.0 169.0 25.0 8.0 
3 13.0 12.0 3.0 4.0 179.0 51.0 18.0 38.0 280.549 98.0 0.0 1.0 0.0 1.0 0.0 0.0 89.0 170.0 31.0 32.0 
22 13.0 12.0 6.0 4.0 179.0 26.0 9.0 30.0 280.549 98.0 0.0 3.0 0.0 0.0 0.0 0.0 56.0 171.0 19.0 1.0 
10 14.0 12.0 5.0 4.0 361.0 52.0 3.0 28.0 280.549 98.0 0.0 1.0 1.0 1.0 0.0 4.0 80.0 172.0 27.0 4.0 
17 18.0 12.0 6.0 4.0 179.0 22.0 17.0 40.0 280.549 98.0 0.0 2.0 2.0 0.0 1.0 0.0 63.0 170.0 22.0 2.0 
5 26.0 12.0 6.0 4.0 235.0 20.0 13.0 43.0 280.549 98.0 0.0 1.0 1.0 1.0 0.0 0.0 106.0 167.0 38.0 8.0 
12 18.0 12.0 2.0 4.0 233.0 51.0 1.0 31.0 280.549 98.0 0.0 2.0 1.0 1.0 0.0 8.0 68.0 178.0 21.0 8.0 
22 13.0 12.0 3.0 4.0 179.0 26.0 9.0 30.0 280.549 98.0 0.0 3.0 0.0 0.0 0.0 0.0 56.0 171.0 19.0 16.0 
14 18.0 12.0 3.0 2.0 155.0 12.0 14.0 34.0 280.549 98.0 0.0 1.0 2.0 1.0 0.0 0.0 95.0 196.0 25.0 80.0 
22 12.0 1.0 2.0 2.0 179.0 26.0 9.0 30.0 313.532 96.0 0.0 3.0 0.0 0.0 0.0 0.0 56.0 171.0 19.0 24.0 
22 12.0 1.0 5.0 2.0 179.0 26.0 9.0 30.0 313.532 96.0 0.0 3.0 0.0 0.0 0.0 0.0 56.0 171.0 19.0 16.0 
17 25.0 1.0 5.0 2.0 179.0 22.0 17.0 40.0 313.532 96.0 0.0 2.0 2.0 0.0 1.0 0.0 63.0 170.0 22.0 2.0 
17 25.0 1.0 6.0 2.0 179.0 22.0 17.0 40.0 313.532 96.0 0.0 2.0 2.0 0.0 1.0 0.0 63.0 170.0 22.0 2.0 
22 13.0 1.0 2.0 2.0 179.0 26.0 9.0 30.0 313.532 96.0 0.0 3.0 0.0 0.0 0.0 0.0 56.0 171.0 19.0 3.0 
17 25.0 1.0 4.0 2.0 179.0 22.0 17.0 40.0 313.532 96.0 0.0 2.0 2.0 0.0 1.0 0.0 63.0 170.0 22.0 2.0 
32 10.0 1.0 5.0 2.0 289.0 48.0 29.0 49.0 313.532 96.0 0.0 1.0 0.0 0.0 0.0 2.0 108.0 172.0 36.0 8.0 
17 18.0 1.0 6.0 2.0 179.0 22.0 17.0 40.0 313.532 96.0 0.0 2.0 2.0 0.0 1.0 0.0 63.0 170.0 22.0 3.0 
22 27.0 1.0 2.0 2.0 179.0 26.0 9.0 30.0 313.532 96.0 0.0 3.0 0.0 0.0 0.0 0.0 56.0 171.0 19.0 2.0 
14 18.0 1.0 3.0 2.0 155.0 12.0 14.0 34.0 313.532 96.0 0.0 1.0 2.0 1.0 0.0 0.0 95.0 196.0 25.0 8.0 
22 27.0 1.0 4.0 2.0 179.0 26.0 9.0 30.0 313.532 96.0 0.0 3.0 0.0 0.0 0.0 0.0 56.0 171.0 19.0 2.0 
3 27.0 1.0 4.0 2.0 179.0 51.0 18.0 38.0 313.532 96.0 0.0 1.0 0.0 1.0 0.0 0.0 89.0 170.0 31.0 3.0 
11 13.0 1.0 4.0 2.0 289.0 36.0 13.0 33.0 313.532 96.0 0.0 1.0 2.0 1.0 0.0 1.0 90.0 172.0 30.0 8.0 
3 27.0 1.0 5.0 2.0 179.0 51.0 18.0 38.0 313.532 96.0 0.0 1.0 0.0 1.0 0.0 0.0 89.0 170.0 31.0 3.0 
3 27.0 1.0 6.0 2.0 179.0 51.0 18.0 38.0 313.532 96.0 0.0 1.0 0.0 1.0 0.0 0.0 89.0 170.0 31.0 2.0 
3 13.0 2.0 3.0 2.0 179.0 51.0 18.0 38.0 264.249 97.0 0.0 1.0 0.0 1.0 0.0 0.0 89.0 170.0 31.0 8.0 
33 1.0 2.0 4.0 2.0 248.0 25.0 14.0 47.0 264.249 97.0 0.0 1.0 2.0 0.0 0.0 1.0 86.0 165.0 32.0 8.0 
22 27.0 2.0 5.0 2.0 179.0 26.0 9.0 30.0 264.249 97.0 0.0 3.0 0.0 0.0 0.0 0.0 56.0 171.0 19.0 2.0 
29 28.0 2.0 6.0 2.0 225.0 15.0 15.0 41.0 264.249 97.0 0.0 4.0 2.0 1.0 0.0 2.0 94.0 182.0 28.0 2.0 
12 19.0 2.0 2.0 2.0 233.0 51.0 1.0 31.0 264.249 97.0 0.0 2.0 1.0 1.0 0.0 8.0 68.0 178.0 21.0 2.0 
28 7.0 2.0 3.0 2.0 225.0 26.0 9.0 28.0 264.249 97.0 0.0 1.0 1.0 0.0 0.0 2.0 69.0 169.0 24.0 8.0 
22 13.0 2.0 5.0 2.0 179.0 26.0 9.0 30.0 264.249 97.0 0.0 3.0 0.0 0.0 0.0 0.0 56.0 171.0 19.0 2.0 
17 23.0 2.0 6.0 2.0 179.0 22.0 17.0 40.0 264.249 97.0 0.0 2.0 2.0 0.0 1.0 0.0 63.0 170.0 22.0 2.0 
12 12.0 2.0 4.0 2.0 233.0 51.0 1.0 31.0 264.249 97.0 0.0 2.0 1.0 1.0 0.0 8.0 68.0 178.0 21.0 3.0 
22 27.0 2.0 4.0 2.0 179.0 26.0 9.0 30.0 264.249 97.0 0.0 3.0 0.0 0.0 0.0 0.0 56.0 171.0 19.0 2.0 
3 13.0 2.0 5.0 2.0 179.0 51.0 18.0 38.0 264.249 97.0 0.0 1.0 0.0 1.0 0.0 0.0 89.0 170.0 31.0 8.0 
14 25.0 2.0 2.0 2.0 155.0 12.0 14.0 34.0 264.249 97.0 0.0 1.0 2.0 1.0 0.0 0.0 95.0 196.0 25.0 5.0 
25 25.0 2.0 2.0 2.0 235.0 16.0 8.0 32.0 264.249 97.0 0.0 3.0 0.0 0.0 0.0 0.0 75.0 178.0 25.0 3.0 
28 7.0 2.0 2.0 2.0 225.0 26.0 9.0 28.0 264.249 97.0 0.0 1.0 1.0 0.0 0.0 2.0 69.0 169.0 24.0 2.0 
25 25.0 2.0 6.0 2.0 235.0 16.0 8.0 32.0 264.249 97.0 0.0 3.0 0.0 0.0 0.0 0.0 75.0 178.0 25.0 2.0 
33 23.0 3.0 2.0 2.0 248.0 25.0 14.0 47.0 222.196 99.0 0.0 1.0 2.0 0.0 0.0 1.0 86.0 165.0 32.0 2.0 
9 25.0 3.0 3.0 2.0 228.0 14.0 16.0 58.0 222.196 99.0 0.0 1.0 2.0 0.0 0.0 1.0 65.0 172.0 22.0 3.0 
33 25.0 3.0 3.0 2.0 248.0 25.0 14.0 47.0 222.196 99.0 0.0 1.0 2.0 0.0 0.0 1.0 86.0 165.0 32.0 3.0 
9 12.0 3.0 3.0 2.0 228.0 14.0 16.0 58.0 222.196 99.0 0.0 1.0 2.0 0.0 0.0 1.0 65.0 172.0 22.0 112.0 
28 27.0 3.0 5.0 2.0 225.0 26.0 9.0 28.0 222.196 99.0 0.0 1.0 1.0 0.0 0.0 2.0 69.0 169.0 24.0 2.0 
28 25.0 3.0 5.0 2.0 225.0 26.0 9.0 28.0 222.196 99.0 0.0 1.0 1.0 0.0 0.0 2.0 69.0 169.0 24.0 2.0 
22 27.0 3.0 6.0 2.0 179.0 26.0 9.0 30.0 222.196 99.0 0.0 3.0 0.0 0.0 0.0 0.0 56.0 171.0 19.0 3.0 
25 25.0 3.0 2.0 2.0 235.0 16.0 8.0 32.0 222.196 99.0 0.0 3.0 0.0 0.0 0.0 0.0 75.0 178.0 25.0 3.0 
10 19.0 3.0 2.0 2.0 361.0 52.0 3.0 28.0 222.196 99.0 0.0 1.0 1.0 1.0 0.0 4.0 80.0 172.0 27.0 8.0 
3 13.0 3.0 3.0 2.0 179.0 51.0 18.0 38.0 222.196 99.0 0.0 1.0 0.0 1.0 0.0 0.0 89.0 170.0 31.0 8.0 
22 27.0 3.0 6.0 2.0 179.0 26.0 9.0 30.0 222.196 99.0 0.0 3.0 0.0 0.0 0.0 0.0 56.0 171.0 19.0 2.0 
3 10.0 3.0 2.0 2.0 179.0 51.0 18.0 38.0 222.196 99.0 0.0 1.0 0.0 1.0 0.0 0.0 89.0 170.0 31.0 4.0 
33 13.0 3.0 2.0 2.0 248.0 25.0 14.0 47.0 222.196 99.0 0.0 1.0 2.0 0.0 0.0 1.0 86.0 165.0 32.0 2.0 
28 7.0 3.0 2.0 2.0 225.0 26.0 9.0 28.0 222.196 99.0 0.0 1.0 1.0 0.0 0.0 2.0 69.0 169.0 24.0 8.0 
11 23.0 3.0 4.0 2.0 289.0 36.0 13.0 33.0 222.196 99.0 0.0 1.0 2.0 1.0 0.0 1.0 90.0 172.0 30.0 8.0 
9 25.0 3.0 4.0 2.0 228.0 14.0 16.0 58.0 222.196 99.0 0.0 1.0 2.0 0.0 0.0 1.0 65.0 172.0 22.0 2.0 
33 23.0 3.0 5.0 2.0 248.0 25.0 14.0 47.0 222.196 99.0 0.0 1.0 2.0 0.0 0.0 1.0 86.0 165.0 32.0 3.0 
22 23.0 3.0 6.0 2.0 179.0 26.0 9.0 30.0 222.196 99.0 0.0 3.0 0.0 0.0 0.0 0.0 56.0 171.0 19.0 2.0 
16 23.0 3.0 4.0 3.0 118.0 15.0 24.0 46.0 222.196 99.0 0.0 1.0 2.0 1.0 1.0 0.0 75.0 175.0 25.0 8.0 
14 13.0 3.0 4.0 3.0 155.0 12.0 14.0 34.0 222.196 99.0 0.0 1.0 2.0 1.0 0.0 0.0 95.0 196.0 25.0 24.0 
22 13.0 3.0 2.0 3.0 179.0 26.0 9.0 30.0 222.196 99.0 0.0 3.0 0.0 0.0 0.0 0.0 56.0 171.0 19.0 2.0 
11 19.0 3.0 2.0 3.0 289.0 36.0 13.0 33.0 222.196 99.0 0.0 1.0 2.0 1.0 0.0 1.0 90.0 172.0 30.0 104.0 
13 22.0 3.0 4.0 3.0 369.0 17.0 12.0 31.0 222.196 99.0 0.0 1.0 3.0 1.0 0.0 0.0 70.0 169.0 25.0 8.0 
28 13.0 4.0 2.0 3.0 225.0 26.0 9.0 28.0 246.288 91.0 0.0 1.0 1.0 0.0 0.0 2.0 69.0 169.0 24.0 8.0 
34 10.0 4.0 2.0 3.0 118.0 10.0 10.0 37.0 246.288 91.0 0.0 1.0 0.0 0.0 0.0 0.0 83.0 172.0 28.0 8.0 
33 19.0 4.0 4.0 3.0 248.0 25.0 14.0 47.0 246.288 91.0 0.0 1.0 2.0 0.0 0.0 1.0 86.0 165.0 32.0 8.0 
6 13.0 4.0 5.0 3.0 189.0 29.0 13.0 33.0 246.288 91.0 0.0 1.0 2.0 0.0 0.0 2.0 69.0 167.0 25.0 8.0 
13 7.0 4.0 2.0 3.0 369.0 17.0 12.0 31.0 246.288 91.0 0.0 1.0 3.0 1.0 0.0 0.0 70.0 169.0 25.0 24.0 
17 16.0 4.0 3.0 3.0 179.0 22.0 17.0 40.0 246.288 91.0 0.0 2.0 2.0 0.0 1.0 0.0 63.0 170.0 22.0 2.0 
34 10.0 4.0 4.0 3.0 118.0 10.0 10.0 37.0 246.288 91.0 0.0 1.0 0.0 0.0 0.0 0.0 83.0 172.0 28.0 2.0 
25 16.0 4.0 3.0 3.0 235.0 16.0 8.0 32.0 246.288 91.0 0.0 3.0 0.0 0.0 0.0 0.0 75.0 178.0 25.0 3.0 
14 28.0 4.0 3.0 3.0 155.0 12.0 14.0 34.0 246.288 91.0 0.0 1.0 2.0 1.0 0.0 0.0 95.0 196.0 25.0 4.0 
36 14.0 4.0 5.0 3.0 118.0 13.0 18.0 50.0 246.288 91.0 0.0 1.0 1.0 1.0 0.0 0.0 98.0 178.0 31.0 2.0 
29 19.0 5.0 4.0 3.0 225.0 15.0 15.0 41.0 237.656 99.0 0.0 4.0 2.0 1.0 0.0 2.0 94.0 182.0 28.0 3.0 
25 28.0 5.0 4.0 3.0 235.0 16.0 8.0 32.0 237.656 99.0 0.0 3.0 0.0 0.0 0.0 0.0 75.0 178.0 25.0 2.0 
34 8.0 5.0 4.0 3.0 118.0 10.0 10.0 37.0 237.656 99.0 0.0 1.0 0.0 0.0 0.0 0.0 83.0 172.0 28.0 3.0 
5 26.0 5.0 4.0 3.0 235.0 20.0 13.0 43.0 237.656 99.0 0.0 1.0 1.0 1.0 0.0 0.0 106.0 167.0 38.0 8.0 
22 13.0 5.0 5.0 3.0 179.0 26.0 9.0 30.0 237.656 99.0 0.0 3.0 0.0 0.0 0.0 0.0 56.0 171.0 19.0 1.0 
15 28.0 5.0 5.0 3.0 291.0 31.0 12.0 40.0 237.656 99.0 0.0 1.0 1.0 1.0 0.0 1.0 73.0 171.0 25.0 2.0 
29 14.0 5.0 5.0 3.0 225.0 15.0 15.0 41.0 237.656 99.0 0.0 4.0 2.0 1.0 0.0 2.0 94.0 182.0 28.0 8.0 
26 19.0 5.0 6.0 3.0 300.0 26.0 13.0 43.0 237.656 99.0 0.0 1.0 2.0 1.0 1.0 1.0 77.0 175.0 25.0 64.0 
29 22.0 5.0 6.0 3.0 225.0 15.0 15.0 41.0 237.656 99.0 0.0 4.0 2.0 1.0 0.0 2.0 94.0 182.0 28.0 8.0 
23 0.0 5.0 4.0 3.0 378.0 49.0 11.0 36.0 237.656 99.0 1.0 1.0 2.0 0.0 1.0 4.0 65.0 174.0 21.0 0.0 
17 16.0 5.0 6.0 3.0 179.0 22.0 17.0 40.0 237.656 99.0 0.0 2.0 2.0 0.0 1.0 0.0 63.0 170.0 22.0 1.0 
14 10.0 5.0 2.0 3.0 155.0 12.0 14.0 34.0 237.656 99.0 0.0 1.0 2.0 1.0 0.0 0.0 95.0 196.0 25.0 48.0 
25 10.0 5.0 2.0 3.0 235.0 16.0 8.0 32.0 237.656 99.0 0.0 3.0 0.0 0.0 0.0 0.0 75.0 178.0 25.0 8.0 
15 22.0 5.0 4.0 3.0 291.0 31.0 12.0 40.0 237.656 99.0 0.0 1.0 1.0 1.0 0.0 1.0 73.0 171.0 25.0 8.0 
17 10.0 5.0 4.0 3.0 179.0 22.0 17.0 40.0 237.656 99.0 0.0 2.0 2.0 0.0 1.0 0.0 63.0 170.0 22.0 8.0 
28 6.0 5.0 4.0 3.0 225.0 26.0 9.0 28.0 237.656 99.0 0.0 1.0 1.0 0.0 0.0 2.0 69.0 169.0 24.0 3.0 
18 10.0 5.0 5.0 3.0 330.0 16.0 4.0 28.0 237.656 99.0 0.0 2.0 0.0 0.0 0.0 0.0 84.0 182.0 25.0 8.0 
25 23.0 5.0 5.0 3.0 235.0 16.0 8.0 32.0 237.656 99.0 0.0 3.0 0.0 0.0 0.0 0.0 75.0 178.0 25.0 2.0 
15 28.0 5.0 5.0 3.0 291.0 31.0 12.0 40.0 237.656 99.0 0.0 1.0 1.0 1.0 0.0 1.0 73.0 171.0 25.0 2.0 
10 7.0 5.0 2.0 3.0 361.0 52.0 3.0 28.0 237.656 99.0 0.0 1.0 1.0 1.0 0.0 4.0 80.0 172.0 27.0 8.0 
14 23.0 5.0 4.0 3.0 155.0 12.0 14.0 34.0 237.656 99.0 0.0 1.0 2.0 1.0 0.0 0.0 95.0 196.0 25.0 2.0 
17 25.0 5.0 6.0 3.0 179.0 22.0 17.0 40.0 237.656 99.0 0.0 2.0 2.0 0.0 1.0 0.0 63.0 170.0 22.0 8.0 
14 10.0 5.0 6.0 3.0 155.0 12.0 14.0 34.0 237.656 99.0 0.0 1.0 2.0 1.0 0.0 0.0 95.0 196.0 25.0 8.0 
28 11.0 5.0 2.0 3.0 225.0 26.0 9.0 28.0 237.656 99.0 0.0 1.0 1.0 0.0 0.0 2.0 69.0 169.0 24.0 1.0 
16 7.0 6.0 4.0 3.0 118.0 15.0 24.0 46.0 275.089 96.0 0.0 1.0 2.0 1.0 1.0 0.0 75.0 175.0 25.0 8.0 
22 27.0 6.0 4.0 3.0 179.0 26.0 9.0 30.0 275.089 96.0 0.0 3.0 0.0 0.0 0.0 0.0 56.0 171.0 19.0 3.0 
34 26.0 6.0 6.0 3.0 118.0 10.0 10.0 37.0 275.089 96.0 0.0 1.0 0.0 0.0 0.0 0.0 83.0 172.0 28.0 8.0 
23 22.0 6.0 5.0 3.0 378.0 49.0 11.0 36.0 275.089 96.0 0.0 1.0 2.0 0.0 1.0 4.0 65.0 174.0 21.0 8.0 
36 19.0 6.0 5.0 3.0 118.0 13.0 18.0 50.0 275.089 96.0 0.0 1.0 1.0 1.0 0.0 0.0 98.0 178.0 31.0 24.0 
12 19.0 6.0 6.0 3.0 233.0 51.0 1.0 31.0 275.089 96.0 0.0 2.0 1.0 1.0 0.0 8.0 68.0 178.0 21.0 8.0 
22 27.0 6.0 6.0 3.0 179.0 26.0 9.0 30.0 275.089 96.0 0.0 3.0 0.0 0.0 0.0 0.0 56.0 171.0 19.0 2.0 
2 0.0 6.0 2.0 3.0 235.0 29.0 12.0 48.0 275.089 96.0 1.0 1.0 1.0 0.0 1.0 5.0 88.0 163.0 33.0 0.0 
21 0.0 6.0 2.0 3.0 268.0 11.0 8.0 33.0 275.089 96.0 1.0 2.0 0.0 0.0 0.0 0.0 79.0 178.0 25.0 0.0 
36 19.0 6.0 5.0 3.0 118.0 13.0 18.0 50.0 275.089 96.0 0.0 1.0 1.0 1.0 0.0 0.0 98.0 178.0 31.0 3.0 
22 13.0 6.0 5.0 3.0 179.0 26.0 9.0 30.0 275.089 96.0 0.0 3.0 0.0 0.0 0.0 0.0 56.0 171.0 19.0 2.0 
22 13.0 6.0 2.0 1.0 179.0 26.0 9.0 30.0 275.089 96.0 0.0 3.0 0.0 0.0 0.0 0.0 56.0 171.0 19.0 3.0 
12 22.0 6.0 5.0 1.0 233.0 51.0 1.0 31.0 275.089 96.0 0.0 2.0 1.0 1.0 0.0 8.0 68.0 178.0 21.0 8.0 
12 22.0 6.0 4.0 1.0 233.0 51.0 1.0 31.0 275.089 96.0 0.0 2.0 1.0 1.0 0.0 8.0 68.0 178.0 21.0 3.0 
5 26.0 7.0 4.0 1.0 235.0 20.0 13.0 43.0 264.604 93.0 0.0 1.0 1.0 1.0 0.0 0.0 106.0 167.0 38.0 4.0 
12 19.0 7.0 6.0 1.0 233.0 51.0 1.0 31.0 264.604 93.0 0.0 2.0 1.0 1.0 0.0 8.0 68.0 178.0 21.0 2.0 
9 6.0 7.0 2.0 1.0 228.0 14.0 16.0 58.0 264.604 93.0 0.0 1.0 2.0 0.0 0.0 1.0 65.0 172.0 22.0 8.0 
9 6.0 7.0 3.0 1.0 228.0 14.0 16.0 58.0 264.604 93.0 0.0 1.0 2.0 0.0 0.0 1.0 65.0 172.0 22.0 120.0 
6 22.0 7.0 3.0 1.0 189.0 29.0 13.0 33.0 264.604 93.0 0.0 1.0 2.0 0.0 0.0 2.0 69.0 167.0 25.0 16.0 
13 13.0 7.0 2.0 1.0 369.0 17.0 12.0 31.0 264.604 93.0 0.0 1.0 3.0 1.0 0.0 0.0 70.0 169.0 25.0 80.0 
1 11.0 7.0 3.0 1.0 235.0 11.0 14.0 37.0 264.604 93.0 0.0 3.0 1.0 0.0 0.0 1.0 88.0 172.0 29.0 4.0 
4 0.0 0.0 3.0 1.0 118.0 14.0 13.0 40.0 271.219 95.0 0.0 1.0 1.0 1.0 0.0 8.0 98.0 170.0 34.0 0.0 
8 0.0 0.0 4.0 2.0 231.0 35.0 14.0 39.0 271.219 95.0 0.0 1.0 2.0 1.0 0.0 2.0 100.0 170.0 35.0 0.0 
35 0.0 0.0 6.0 3.0 179.0 45.0 14.0 53.0 271.219 95.0 0.0 1.0 1.0 0.0 0.0 1.0 77.0 175.0 25.0 0.0 
